100 5000 12 73
5 90 596775756
35 20 226786760
28 31 1775982092
79 17 743002845
10 19 150120683
83 96 901953035
91 62 809520329
2 61 1024423315
30 91 1374494188
93 26 751944004
82 82 727762428
1 43 502389284
84 87 1379778919
52 32 1459460146
71 15 983677176
18 3 249963037
80 32 828290820
40 99 1591818910
83 87 630771763
8 43 6425344
89 71 1074903736
83 56 710851170
70 27 348122222
53 73 1192106605
20 2 1305685857
22 39 842840979
5 59 1199652996
3 21 1871521975
90 85 1042429267
32 29 1329117749
55 18 1987794756
10 88 1467752396
88 10 2143261079
12 68 1495335600
13 77 266978804
4 56 755795023
14 4 1716253644
35 80 1810391348
71 99 2062631451
51 100 1699984492
20 56 1474394475
7 4 2113623829
69 35 1972578190
88 87 283552829
64 92 653491541
19 15 1918587853
22 12 33837508
53 12 122498622
3 15 1628906456
2 59 888865478
9 35 56284680
65 16 206067800
99 59 2049066006
38 88 1638434226
29 81 166279065
95 87 1085770028
6 95 944780798
70 17 942964372
84 73 804359076
95 3 1571394179
29 84 278220132
96 84 1060115341
6 42 1089864905
46 21 363246255
26 86 375594992
12 15 1393889920
59 65 2026442415
75 37 1842022472
100 66 503537793
2 45 73619829
37 77 104769423
20 70 2071381051
62 75 1644627598
34 83 797087256
19 75 1959796501
85 96 1491279578
50 63 1310124342
38 87 1450168300
3 81 2033910074
99 10 395288825
76 85 1718137327
97 36 1763772963
24 86 738263535
6 94 690675048
80 47 1111958081
27 26 20908051
41 20 650778636
80 72 1798866985
12 46 113170174
73 24 693014577
57 51 814827075
44 66 756827802
29 53 1579132099
23 1 76637574
21 82 907557779
46 34 152520410
17 22 1352899037
88 59 92685129
86 33 361384808
9 10 515052219
11 86 627307191
76 40 802919147
81 39 965785490
81 13 613050171
15 44 541800445
100 55 564349165
21 44 24492263
79 73 232354079
63 82 490619267
73 1 685714252
10 93 1212927860
49 92 1642913770
40 83 1591961297
4 54 1798333977
48 51 805223210
54 16 1872070724
97 79 724817275
69 59 161725147
50 26 1981661325
3 30 2002828687
47 90 918241811
38 12 1690211420
72 61 780598021
77 91 1916017360
27 1 878139715
43 77 722006514
73 52 1600138167
83 99 570466415
8 76 2020643684
89 15 2017087485
78 27 1074850039
41 99 1968722185
2 72 1206655775
92 84 1901919946
92 100 372597575
20 14 1455456401
71 34 1419878295
21 49 290355520
48 85 446725802
62 23 232124762
40 14 332266650
91 52 1960079328
62 27 316025620
46 25 1287034121
97 100 228987864
62 54 94593707
95 1 608438726
96 21 347856548
32 24 1622055968
54 86 2117731015
68 36 1690226729
71 16 1257784920
97 37 363133362
73 10 1934353724
73 75 1445012421
78 82 1920732817
78 9 1936037778
99 57 943581825
22 78 1661315020
59 45 1814913751
46 26 1273981857
62 99 1113369376
50 61 1154314846
59 37 455990394
85 58 920315966
67 27 772405490
27 58 1467715367
35 35 131156597
12 55 1348051995
9 58 1270160068
86 67 129605578
84 43 406138823
45 41 1912355484
81 35 669313885
91 2 111531796
17 44 467997080
26 12 1833303446
60 61 520922324
66 56 1173677559
24 76 1118657822
42 54 326110482
85 77 486262268
77 14 709414451
12 99 1358700395
65 95 73506528
8 76 446328918
71 74 102933086
31 51 979356812
38 10 1871698271
13 84 146305189
66 67 1913058612
95 35 2003489453
8 86 1530967089
58 34 1649806366
5 62 668514029
32 80 1654889693
5 66 1086371552
7 30 430674975
16 54 1966440205
100 43 599268295
18 7 1894286607
52 60 1686133425
89 2 380947571
22 20 2038568178
35 49 885858187
66 94 1329316691
32 98 1689457122
13 73 1652099279
66 31 1738165485
8 26 973849653
14 85 477809604
26 62 576155821
27 33 1755150572
98 63 429241012
98 51 104611186
91 94 854767620
88 69 978555586
13 48 578908169
43 85 635182181
68 90 871592247
52 94 1434443554
66 15 2089311068
98 39 544716945
61 52 479111923
63 38 1394818720
56 10 1812867717
24 96 1240664959
23 65 764581998
8 99 815293810
49 46 1211756952
43 52 405756071
57 72 291577775
48 17 407871840
99 40 1135585837
88 12 218320649
97 81 689418111
45 40 1730711267
9 91 736689942
7 1 1506937065
4 54 1484650824
56 77 1643680872
27 52 314353166
96 92 220307175
35 30 969209822
47 31 842818472
27 43 2093227959
19 62 1280238607
9 4 1529889651
9 21 1273605612
14 45 1146568670
43 70 2020371074
94 36 1034489081
86 11 278233759
67 85 296322054
97 57 1567865889
91 68 1192716687
52 28 983742165
8 31 34123635
28 43 1255926743
25 66 1169478004
46 92 986534369
81 73 1112851911
44 32 1840008405
80 87 1428392042
89 28 1013588660
56 67 813918908
35 32 1518800899
66 68 563978602
60 63 833625609
25 67 1687195337
16 89 314371313
40 100 506318058
24 57 429905090
10 51 305439585
89 11 1102131365
55 72 1515315253
38 71 1490735560
57 25 161147247
20 35 1203923612
38 24 1597702971
26 37 341570348
78 95 1603380463
34 85 2122655103
37 23 30144378
99 88 2064621287
70 93 1204017127
92 53 788532233
17 52 1801908770
51 64 2130786727
26 88 883609198
62 36 1377337835
8 51 303539713
44 6 922550390
66 84 779410975
53 23 1302513511
45 50 1357963010
50 35 1759678379
1 6 1878976871
17 85 132353439
4 35 1648400989
91 22 1671863914
41 35 517113527
47 25 837951534
30 1 916799377
5 64 1059096643
54 26 219491047
89 6 2060781492
46 29 1631252593
82 68 1239535245
68 9 2089553061
89 75 1484041716
24 2 1912055206
48 88 682006699
100 65 2064034945
16 60 1793317026
41 8 1934474230
98 52 1544040036
78 45 1410546676
97 42 1188419273
57 56 860960906
31 24 1311780773
84 31 1770733061
71 82 393873836
36 79 251237136
95 57 2122233935
54 88 866926802
5 76 2138246043
1 4 1253419092
43 77 91422822
98 35 932094318
21 8 1128867275
3 21 206121957
36 58 828455541
14 46 1686335911
71 33 1549078798
10 36 1475780845
37 31 1685933098
40 75 2092833403
68 97 32767055
2 16 1040236597
61 43 762344146
33 100 683131419
42 41 567169973
87 5 1096466509
20 55 40088674
7 100 1338837144
37 51 484735205
11 6 1169306541
8 61 508130532
75 59 1837110099
17 57 1722238852
16 76 1475297564
57 50 719535649
13 11 1996310590
67 85 1261892229
67 82 638514500
69 87 993104206
74 29 168940094
86 13 1566924904
96 13 983514163
53 17 1498285837
80 34 2092623553
81 83 825165621
91 25 671851229
28 6 1171532641
9 6 1725805007
95 64 1662965525
75 58 521463645
88 63 394132770
52 78 1313739956
20 16 25554503
53 21 1586887855
87 94 238420487
12 23 842289667
69 16 199994610
75 76 499107637
38 1 930982245
96 99 1980353639
10 69 521561066
87 25 1357702353
54 29 2030920304
27 36 2115970123
72 23 940665728
95 43 1372026414
62 53 1111395477
37 90 1420665146
38 35 790866272
36 26 215103061
56 44 2009799256
81 97 1299428817
61 53 1214989556
48 29 1107283661
23 9 921451039
65 23 1482657311
17 53 1315270057
6 99 1590821918
92 23 1887634255
69 84 1721188944
13 93 1612949631
9 10 1957049086
14 18 1919743618
94 80 1526587730
2 71 216985630
24 34 376841452
76 91 700961216
26 62 1389339532
48 69 793600389
84 65 1992209680
76 96 523070100
37 34 1202710012
55 5 1093864473
86 87 79970138
56 17 276997131
90 69 478127532
32 85 2055387755
93 69 1825205983
13 58 1208247360
77 90 995378160
24 43 1401701443
58 55 142049170
14 80 663333806
100 18 2033061260
69 49 1063547897
37 81 823728405
74 89 648776446
94 24 1853962077
4 84 1735139922
45 96 32460586
87 91 614596663
42 61 799530486
73 68 396827495
91 80 1326231308
39 78 819362360
72 35 1240689928
60 81 819571816
35 10 256969241
70 84 942221735
66 71 1521446038
56 34 1839368182
17 20 271574621
36 68 168259014
15 76 475802186
44 88 1274174276
78 16 692888767
10 85 1357556838
20 26 1028598949
55 61 1531221083
25 51 1926186952
58 86 1061391069
30 7 338534877
97 21 2047151193
24 7 408122880
12 36 1749478494
79 3 692314990
63 93 207844419
89 42 944843229
1 77 462306200
52 81 495373254
37 51 1076504979
43 28 672814388
15 73 83831969
21 5 1853868865
8 99 866705441
10 41 89187704
2 61 762005582
95 90 1557247245
71 90 584398285
4 96 933164085
54 75 1977507036
33 64 1261828024
57 85 1205185318
61 51 1975837932
11 44 1902104405
52 48 110675364
12 30 1589406874
53 27 1253404827
94 12 131268174
89 50 1901701644
16 38 2048441247
31 63 1632878052
15 33 993546936
17 18 30115444
60 23 1298190104
7 39 104798467
89 13 1437222818
15 93 1208340281
79 67 362994085
28 63 1510974078
65 63 852686218
79 67 1612119133
12 4 167119915
29 48 896487830
3 5 1359124446
41 72 274251558
6 90 2026024164
98 23 933996904
16 8 702900671
78 38 1917133749
40 56 1214892928
7 42 573685244
62 57 1255338723
9 87 170071386
13 86 1441204814
84 44 528392468
25 60 1837277008
99 17 514814365
6 88 2109376662
43 89 309781129
51 17 1312696707
44 13 724113698
100 36 176910156
39 22 664633017
24 88 69914078
19 56 1838427090
30 17 1780003226
46 82 1331865302
33 97 1702353601
21 26 1106978558
89 85 1056714253
2 84 256763255
89 40 319244698
63 10 1411278497
50 88 134385187
58 30 2142656510
74 56 1267893080
7 11 1683602710
55 64 28815007
33 22 1301397940
17 27 976034312
52 82 267617053
44 80 1897315054
53 30 678016094
40 17 1074758856
21 80 233780858
29 60 830958215
39 22 408600640
2 30 1629006146
75 22 159100453
54 34 603631985
35 87 2127813801
67 93 1160792305
96 40 26961300
12 96 1538437452
43 54 1470167543
55 21 1660578663
28 61 1742190391
57 60 899384381
30 13 834514234
64 98 507074861
2 51 973780514
47 56 343910800
86 56 1084194066
33 60 310941513
39 55 306021977
59 71 1064608319
20 62 1707109973
79 96 1769646001
91 30 1281031409
40 43 1542664139
90 57 1383094854
98 58 1069940607
5 76 353032805
17 90 2057871190
71 67 816763675
41 86 1158458413
55 12 1766429971
2 65 901795342
31 26 193560672
74 65 1948310062
82 71 327224553
39 79 1753085243
67 36 944233492
56 79 75114248
22 54 684164964
59 19 2094069535
22 90 1670439327
86 85 1155464733
64 57 1448530134
28 72 1236666117
51 25 1026947542
81 20 1793154923
16 12 1731715414
94 61 1926823080
99 77 541935787
17 12 30559160
7 92 1457301518
43 77 86821892
99 12 1983733577
70 81 1986617040
47 75 1638136420
66 98 173902922
30 64 811340802
90 96 1755999217
66 83 770782063
30 43 819936661
73 14 914437778
49 6 673231736
12 35 998113878
44 28 2082644876
18 100 1580167498
68 22 1965389944
83 24 696430161
79 93 865005290
13 56 398745931
8 70 2129300697
21 48 1708288178
78 84 806147702
12 14 578344002
91 42 325923566
90 92 1285552509
11 88 189211079
86 50 977537846
79 40 1087280928
86 72 297779758
55 21 1298453771
54 51 1972378478
89 5 1629371750
2 7 356255479
96 73 136763242
87 35 810028433
75 14 1866703822
24 60 1333208685
15 40 20883822
38 99 1833212100
10 70 1098524638
60 100 784241744
16 2 1804801198
23 81 538467438
95 23 130837992
81 8 517074087
94 83 1129859573
53 68 1787100747
45 90 1037744122
43 43 1894278637
64 33 460482926
15 77 1013141336
16 27 965574747
48 66 1123930863
22 58 2066553685
30 45 1971883131
12 70 2125471712
31 70 569046857
20 92 427630062
14 81 641018606
46 8 1506992248
23 96 29037463
1 43 327016377
66 58 1882817092
75 95 757727791
71 79 1383479012
41 43 275131893
10 100 1446873904
53 62 1936946434
34 68 1766233306
93 68 620462971
88 31 1745643717
82 8 1631049991
40 52 2081482991
34 43 1487926509
12 8 2128702183
54 1 225916806
6 58 1204397246
67 44 408793307
87 2 1024332759
6 74 650326944
37 43 1894742436
96 34 1475753275
100 77 358934209
42 38 1815699748
1 74 1470152633
54 80 1294175997
11 78 1265757902
54 85 1953945207
56 44 1638884326
81 41 961593864
23 29 1429066069
8 5 922854757
36 14 1917459953
26 14 2000731452
99 99 1930397045
30 48 942452098
7 51 1459512151
43 10 633483813
38 88 401313518
78 52 381750925
7 74 1195259005
63 31 292514179
28 36 1452050086
93 40 312898774
91 38 510470399
39 88 2025983497
41 39 790387578
2 4 155563536
90 22 530304678
93 48 791460115
66 53 1589356793
49 85 523769851
36 71 1217936213
28 45 1883306440
65 96 40612984
4 45 1454975774
42 23 978119864
45 59 2023286804
18 37 101970858
65 5 1148023647
70 98 1828071739
54 1 1423697557
76 14 857755857
73 6 2047706592
68 90 551830271
13 16 448007587
87 81 531206990
46 37 113456983
34 95 1975725027
38 94 76873697
87 86 1241104861
87 43 221226582
52 52 1604720335
9 96 401185263
98 68 1218487435
66 55 272129954
46 46 1735579966
34 29 2104257753
81 9 1533726850
74 6 554291935
59 19 2104896773
53 2 1332447211
4 89 908196750
100 52 2050081601
19 39 198957262
73 94 1837887659
70 60 1979397624
51 65 1601607021
11 67 580319007
68 3 1164988087
86 28 208670612
39 91 1686921971
28 41 580988775
31 95 2043594179
70 9 1679993830
63 68 42018000
74 45 1872641572
91 18 1260620594
57 25 466895696
11 64 1467191906
90 77 43415625
33 100 1731639010
25 75 310637701
71 6 1680099328
79 88 1946241858
99 88 180069079
43 13 948678241
12 7 1692682015
89 3 221370857
52 61 215955265
80 86 83243528
79 48 1928132417
54 49 640618201
11 29 1423864926
99 40 2032986896
86 19 519457727
98 61 868648725
56 28 764990219
10 85 1810089230
22 50 289297470
7 78 1662570322
7 48 1843611101
55 1 371858132
36 27 2123267485
75 76 551498747
93 3 1631513045
5 80 1110361083
84 99 860684432
68 81 2143103688
70 52 1129547249
99 26 1434690671
98 79 954465929
99 11 1420512035
25 48 995983042
52 96 1360978277
6 93 166772303
85 76 1888401495
35 61 1032093152
16 1 1438012935
19 50 1180048055
44 73 474153776
74 3 1551057274
85 90 2043923672
32 84 445887522
79 61 328297398
24 64 1576656550
99 12 415455407
11 16 2008309992
11 51 677759578
13 58 381377045
37 34 1408459863
91 61 1126611058
81 85 1379441732
64 7 391326368
77 5 285532451
92 7 1613558730
55 15 1711950953
70 59 1691070203
73 37 264117266
30 35 1721679476
16 98 750853140
76 9 933812577
60 41 1077540067
18 61 455063999
22 12 62367415
81 42 1260428591
95 47 2068536182
5 3 80124389
93 69 622253658
27 97 837969630
25 38 1907320360
85 67 9492327
25 34 990510102
85 34 451846413
48 49 986872430
90 92 776401903
88 26 1397091383
42 15 1116912629
10 74 1944175633
59 56 261672678
96 68 745748104
14 95 509894480
47 97 680722864
32 10 490191340
32 92 329626276
75 96 484560124
1 31 421067965
67 61 1851100752
40 46 23277746
48 24 1644167155
15 81 1992997513
10 61 1820621960
6 26 2060853073
68 66 1643747272
59 95 1024368555
6 19 265084339
37 84 626323213
49 88 2029137713
46 34 258684932
70 42 232185823
2 7 640126370
62 68 1242343285
39 93 2048328894
57 17 1901109651
51 25 1252531970
69 64 1089468281
52 77 40836838
91 43 1651212674
25 75 595057474
66 98 964030520
72 69 872320841
91 6 1065676542
36 52 2053992103
4 55 223023094
28 26 357928150
91 59 640849900
20 97 1556348468
62 24 1378008171
88 98 1956929761
85 70 1168907337
5 11 658108054
62 53 270045778
13 9 1825342468
20 3 942400255
97 5 1412450059
55 5 2112376786
3 25 1159781129
26 96 1328469948
76 9 352613661
45 99 638380848
56 53 270473684
60 31 2036502189
20 52 736358702
74 7 565855767
78 18 1278619386
34 57 1979697882
58 38 1611075888
53 86 213590242
14 47 1585937268
12 47 2028207143
16 31 356946739
99 72 1739444194
50 75 798925106
8 42 1736865225
78 80 481320351
86 14 1685185928
23 54 1694344562
60 96 2065144719
6 16 2028110924
4 59 1392689289
34 51 1327787152
6 45 344028919
32 3 858944017
25 81 402907618
56 32 2065803626
69 12 817631155
22 74 918250640
17 46 1379959562
33 22 1383744221
43 63 1282218278
45 67 1713762581
42 86 801367166
44 4 581534223
24 22 1790622454
55 100 699520330
19 7 734330885
92 47 1727268353
89 61 994441326
62 82 896923695
76 12 873169079
42 45 803900973
28 12 1046066118
83 35 1191625059
56 42 2039502902
56 24 1031597578
14 10 796713084
61 15 872551702
21 42 805974346
55 89 514642086
18 68 2026665848
63 41 292283975
26 11 934250917
12 70 1628296
5 25 500843778
29 55 687321333
38 39 479380940
52 94 694653754
45 40 103906766
33 26 87099538
52 26 2027976292
45 2 766304362
55 71 163329976
77 67 1020420301
53 45 1771625912
7 78 2060085617
97 71 437836097
90 25 1934175534
81 91 1833921337
59 29 1131514834
84 74 723879718
37 36 1484185070
59 12 2068848214
25 65 1376451620
69 29 598620348
99 98 1774857300
69 95 1641792758
45 81 996139807
35 71 710450148
15 5 1590698129
88 23 2004042187
75 45 1829664522
38 11 1359849111
2 84 1528846869
31 32 190802446
28 85 2141526914
75 95 1625890664
55 2 1270758284
25 51 1770783528
81 32 1082389514
56 71 1440159429
100 45 577102268
63 8 1407006043
46 78 1945717080
29 24 1066172034
13 90 539996816
8 7 279793395
61 43 723397869
63 24 1657502124
94 38 621060200
16 19 893070581
61 88 1049929336
68 83 428337887
97 15 1097144449
72 49 137833346
14 65 296508575
20 61 1200543787
14 82 196764446
37 58 428794007
75 59 459598969
93 40 1879877463
32 28 251220730
14 15 1698260590
29 65 1138395210
29 11 100471458
94 38 922775430
6 26 1451866743
39 72 1166152414
97 79 1336390727
55 1 1585881564
46 16 849530790
73 46 567497834
87 37 1316884966
3 99 209730931
66 57 1339236459
3 87 1476606288
80 82 1161837233
4 48 674722690
34 76 738660528
34 92 863669224
49 82 1670808978
95 68 1905666723
83 34 470688147
33 66 2089178434
89 77 1415831088
28 17 735963105
61 50 346083060
9 92 1446734739
36 21 2087198942
79 45 548786028
12 76 1586062261
79 51 636454162
65 99 98666108
82 85 1670958690
58 25 49276174
75 31 1776540962
76 91 1333077541
68 82 170752654
40 77 1603202362
36 5 524366449
11 18 667610127
14 80 734980538
12 88 1293975516
48 30 1513996380
24 4 1604774061
54 19 758061371
96 12 450464597
30 66 1843820972
6 28 1317885891
62 29 1758803530
79 56 1882759466
11 94 1213079028
50 63 1655428941
32 95 1533013704
35 57 787528103
5 80 834803227
17 77 263318532
82 1 1566640728
62 93 1896537257
90 75 1192723414
98 93 3985227
43 74 2063868605
5 15 1566376767
100 72 757659469
8 27 1308675400
87 54 1121217086
15 87 1971825491
15 67 898610859
59 76 219809492
86 90 1538623753
78 17 1084452795
51 74 1672390392
18 94 1889933434
41 63 883573791
67 15 167307842
73 1 1345909649
59 44 882473287
25 55 1374947001
52 48 372184467
41 53 1339555226
9 48 1740895511
34 92 1311481140
27 79 1264391143
41 70 1107570812
55 12 226550204
8 13 1556341070
3 100 1636779342
58 53 731183552
5 20 406194428
57 98 410865579
57 9 1937920419
48 2 696376879
26 97 897587213
47 9 1960444539
10 13 347641032
22 35 1662819386
73 30 584745745
25 82 1232729248
97 11 210413457
94 42 2032575161
55 62 1795387169
56 93 583302277
4 6 68710877
12 98 2141546402
76 30 1242931701
62 68 1835141910
91 14 969119384
25 14 1674821056
35 71 1032226633
76 84 1561004229
89 5 305741774
34 83 1154818428
39 60 1124748035
88 14 1479921738
69 67 1180426701
37 78 452813128
2 14 853422090
15 22 1871549280
37 55 2090894604
20 36 1917652490
24 11 1762688518
58 91 1416439458
17 27 1575282191
83 17 989320282
49 19 1618998269
78 99 1664473538
91 89 641081826
13 22 1281052527
19 78 522147593
7 21 722264129
17 91 1766493648
7 49 1155256023
85 93 1619337181
2 75 1079964349
72 96 1678683931
70 86 363460332
59 12 1116919109
32 91 613212352
9 84 527161116
29 13 1890992034
19 13 1970742040
20 89 1072152908
12 70 350043067
38 71 929160551
85 55 2141943452
71 87 873851175
34 96 1872664145
25 100 1696837155
60 16 70435838
25 3 1231838446
37 95 656246527
77 4 106348597
46 71 998584116
69 74 613267979
23 79 2087204116
61 54 596939853
8 51 2101916023
8 58 800763508
23 96 122018484
77 95 587828544
72 22 772974168
27 19 296465356
49 36 313558133
22 67 296106030
52 36 1324073398
6 89 781176872
8 64 1178360432
66 72 1485059540
13 57 167002899
7 53 2046318921
28 21 424065050
99 77 1565950621
86 10 101677599
52 41 676256347
87 91 2071363768
75 64 2133976020
90 48 1737944277
62 40 608449036
70 39 442327453
22 13 1310015366
94 63 148383924
70 36 1908646952
32 35 254702102
24 82 480100787
66 2 1050627338
29 74 1906002225
29 3 1495681651
68 40 1921581641
7 93 1836982054
19 11 1363901375
81 36 1090168148
68 40 1788756541
2 42 1608648262
83 29 863401445
84 19 1996605768
10 44 2037367334
12 48 1766863014
51 41 215969594
96 47 1017230262
6 74 42680620
93 22 1486123238
32 15 1476655870
73 29 1580229137
53 75 1898520638
72 95 960303072
67 81 836940207
66 48 1514924416
6 42 437232680
4 4 359797682
77 24 1724946877
98 14 1547728335
64 36 2124009627
93 73 1067470411
67 63 780296435
13 87 1742588488
94 95 710006611
41 63 1736036677
34 43 2021393043
38 26 1340173700
13 55 1529360704
79 42 1805371780
14 22 1110891430
39 33 1234676193
53 20 1637890685
40 8 1036452703
86 71 1426968016
48 1 551836661
43 96 177921653
68 96 521192586
74 52 451396075
16 85 11212740
37 15 686765818
21 60 1807227531
40 98 657859721
100 1 1284666674
22 69 352984165
22 30 847236050
17 83 2134863097
13 70 358130691
16 45 171803810
100 85 1153345684
14 55 555517351
26 39 502328439
23 60 2061249359
23 86 1717609250
92 51 1213996601
73 1 1260418023
56 51 1445426544
77 42 1642931561
73 53 1045623125
10 89 1182861940
64 40 1712536140
54 79 1598053505
14 90 2074090230
99 92 483569704
50 46 10428279
2 69 2081633970
4 65 806572494
46 78 658132801
50 3 10023829
90 96 1461125302
29 88 727682663
59 93 643945378
100 76 869657332
43 80 2062678245
88 11 1212707495
8 81 820212896
73 28 1732430498
50 29 1789256101
5 59 1348820398
100 13 582927199
87 76 644922188
31 54 2090322716
58 38 1126489926
90 35 1962156825
100 31 2019965368
33 79 366428507
60 29 409447915
40 31 1446966487
98 81 826948488
62 81 1742500692
37 21 1081517743
43 90 556535781
32 16 1765608312
67 94 340374621
49 14 1059371710
27 21 1785544210
56 36 305558794
38 75 1720955253
70 64 247415444
2 8 189930494
23 4 862142055
12 85 844249144
79 49 780197138
72 71 1539643369
37 81 890298787
58 43 44870887
45 37 1971056214
72 42 1958834321
87 87 1797461310
94 81 688273931
49 88 1361683033
34 32 167643507
82 22 1343961718
4 92 1722160296
37 31 1116912420
31 19 1548183456
68 85 1234918265
61 58 586564762
99 68 1050089433
31 51 1304957119
19 84 946184864
2 91 1055290413
24 61 41325898
67 10 1817383279
97 30 281386235
15 38 787673771
51 56 826822801
8 18 704392120
75 51 2141336981
78 22 1090105531
13 86 2035595562
56 51 1544981832
16 49 462513485
25 81 1715871308
6 16 402247726
96 87 1706908823
51 40 1379758189
20 61 1391852040
22 94 1554541047
43 77 1517802874
80 91 1969911451
83 23 2125066163
31 9 3426870
11 69 1243922586
78 96 1126262662
16 71 767359520
56 12 1715396615
68 4 910324917
61 52 1086192836
37 78 1145606157
28 81 246038351
2 96 1481157930
62 67 1611288012
83 53 677754495
30 67 497940657
100 87 1353232735
63 54 1883820850
67 23 769044157
18 59 860778424
47 68 5393336
27 19 1440478073
74 50 759177252
40 14 1653956353
44 9 292361567
11 19 537747849
49 54 644879278
55 56 173181029
77 66 502411291
36 90 876938457
3 27 703819926
74 52 1500858572
75 4 942998550
88 9 1155306024
49 76 2141207863
67 25 849659359
72 3 554406821
79 84 2022809769
44 76 527813875
34 33 1274711352
12 60 1054727739
63 84 1013469193
66 87 1396974066
26 11 1538916640
2 26 903101280
78 37 167282480
33 58 1976884546
16 80 1242689269
91 55 1996001147
76 59 710897043
87 98 395639028
70 44 1055620439
56 10 1983835701
18 3 1791978418
96 83 2134004943
32 63 1154793196
90 61 1539574674
69 82 1785745006
75 81 2066485221
34 24 736722964
31 52 820880339
26 43 875293625
36 96 253337746
90 66 2045494902
72 62 964620171
86 58 1299405066
98 84 1752025298
31 42 729404039
11 16 254351059
87 80 854680233
90 19 1657619266
33 96 1570412249
28 42 1606528374
94 96 1015458061
55 68 1336117950
64 86 1324125673
48 36 1146763710
41 75 633432959
56 34 1026822689
35 20 27966752
5 86 495245838
100 87 676815327
94 14 1628295659
89 75 1038555239
8 78 699572484
46 3 597868690
81 14 1888237053
56 73 1815284952
41 15 17273745
60 67 708172300
98 5 329736287
36 32 1850329691
49 44 1850278843
76 35 582921488
53 19 93752528
55 9 1347392136
20 14 1348278081
45 19 1848435661
59 64 1429785268
25 64 346677961
81 51 1601277620
64 95 408752569
59 90 486998705
93 78 1295060753
11 58 1700913128
71 94 893190132
37 27 196017439
55 41 756158758
70 9 1059563402
33 70 2133054060
36 43 1857113836
82 12 726988568
23 69 1566977232
52 23 1710408190
9 3 48353035
55 36 1575351545
81 27 446821468
21 85 698483504
82 88 1998138958
3 100 68094279
45 89 2058972711
9 9 1858059598
77 41 1315684631
51 84 134643005
6 19 1045339856
93 16 1994044065
19 84 33180471
3 88 805994451
42 98 1865954372
94 77 347878205
34 41 893411207
42 91 808863704
83 75 502988264
18 80 462783592
88 37 1983310443
3 54 323031000
39 25 670102692
26 28 1073059310
76 52 140575964
4 57 1079699706
96 65 1728517299
39 69 1796658932
13 85 2011113173
92 77 1791373607
80 72 700364776
85 72 933923363
61 64 1919917266
89 26 1957684304
40 91 1745707981
97 97 1134643608
61 48 192585464
81 32 978506259
17 57 1055498297
93 17 1739246209
65 93 1016909353
88 9 2081311232
4 75 484044969
29 31 553258329
19 64 947462117
67 25 1385127057
66 89 66647705
49 48 32918917
6 98 2092804397
22 59 306841465
66 12 1580264657
74 97 1453933473
100 66 250878913
82 95 788687316
46 65 1992934344
22 74 1856712315
10 79 1459720933
9 96 382993851
6 45 423189999
65 10 1443938904
76 67 941646877
24 93 1764162343
41 6 550441368
88 74 1367884868
52 70 1879209849
25 85 1682640646
3 71 1912820867
98 22 614852328
42 21 914724937
3 78 1720453342
21 7 476316458
13 50 346707286
70 71 1265453409
43 39 1569116150
13 40 1810953837
49 39 790944940
71 58 2041700164
92 87 1334899918
65 76 850946767
94 18 535161460
100 29 694385462
2 15 761399782
72 24 42654247
62 26 936511416
53 15 2084174959
91 55 1183611923
49 71 91534623
87 41 267663994
62 8 2094993885
31 68 1701747001
59 82 531862246
73 65 1674470146
49 12 451282099
26 80 1707706770
41 91 369178083
47 14 462389535
18 38 1522498126
10 32 1167357426
70 69 11819764
89 23 1118093725
71 69 1911665355
35 67 721367466
98 66 41390990
77 88 1137189338
68 71 1282911364
33 7 142027256
22 85 652965602
5 63 562459271
74 27 1205408181
48 52 1285275450
68 59 1337222538
35 77 2055634908
52 68 2054428694
92 6 1376258143
14 22 957634672
72 78 735249591
56 81 1892714823
18 52 226597697
96 85 299529501
99 35 2059020474
58 26 764366673
34 86 1242397641
1 33 872616227
59 28 106304530
80 100 651169321
58 91 728905035
90 67 801901206
41 64 245172314
78 17 226075783
64 92 756431379
89 17 806849177
27 58 141510886
59 37 1629267620
86 68 1016543072
38 89 1588010230
80 76 331613162
98 83 1684346419
13 97 2004208308
30 80 1853658100
73 59 290620329
89 89 747854093
99 75 267614633
35 47 905536859
54 20 421082169
43 2 190508707
18 64 1171451144
52 35 1951675423
48 95 128929073
80 48 224777085
90 77 391265314
78 70 539930586
5 4 1435139575
51 15 24322625
70 85 1475063259
24 92 1598698713
87 36 1046398307
74 11 547067076
68 84 902606228
15 22 210704427
92 36 844921106
13 23 1414203996
68 50 577918625
83 75 625059529
67 34 1037410680
58 99 684031501
45 58 1152932224
7 35 628242363
43 63 794308336
64 90 1507854803
51 49 327572570
73 45 1839049261
22 22 347688025
96 52 416070793
82 32 802250775
32 85 1927310141
90 10 1834273950
24 25 1694593346
38 61 1312460104
79 16 816803298
27 86 432400013
23 99 550515564
45 25 1711080536
48 18 1054267210
31 93 751881857
15 86 131504090
76 88 791832622
100 86 1631782111
60 42 1050935986
76 41 2099384123
13 54 692863653
12 18 1971262980
36 7 906335154
5 69 223482450
49 26 547764397
86 17 769108027
73 39 1571544842
10 2 1960523417
51 40 416802469
91 15 2029657628
97 68 1864492755
66 100 248880420
72 55 1169353531
92 5 678632818
18 55 1340272722
86 82 1809040370
76 76 1864762255
77 46 1194228679
68 15 1492032988
82 95 1923151638
49 3 1156904281
1 23 1773174577
7 54 27510794
63 24 1925960766
17 46 2080340757
99 68 1242532626
26 75 1691524111
71 6 2071664186
85 94 1867251314
32 84 2129221481
34 17 661991514
56 46 305908715
61 41 884752415
84 7 1157374121
81 16 1347256283
100 95 2002163300
74 58 1743719550
79 97 2143469875
24 63 866970398
59 97 478507234
76 11 860254365
21 26 1729220898
61 41 1186803605
19 14 402356017
87 50 54510952
33 2 1483541132
90 52 56035983
86 79 1931725056
49 29 1862386086
45 64 1340052061
7 29 140390972
33 80 1567790747
25 37 952975019
91 55 470938232
40 7 2047641150
41 92 1320973588
44 75 1680951820
74 84 524132662
3 70 2069663947
18 84 1742346047
98 56 1671400443
77 55 371335002
66 74 295542086
20 58 181290462
78 61 1185954252
69 49 361822443
44 22 1858541983
27 84 977381478
48 83 2009294452
83 83 1526284006
38 78 6857375
44 80 458752572
70 66 316223201
27 29 766072866
87 33 63173937
36 77 409521014
9 12 1141171583
92 91 166677978
26 95 1565248904
8 53 756819503
38 28 1228925486
17 100 974474175
83 1 1561256319
63 19 1794763288
95 56 2145933314
23 71 367440253
35 54 2075224988
25 32 360304748
71 88 41779491
23 91 1041829516
2 29 807833576
1 5 1011192113
54 76 2023240129
72 16 1992036063
28 82 1098870377
98 35 529697324
3 75 646339346
86 23 1159854780
73 14 900141456
15 83 1876493826
96 59 1320228600
100 24 1385686801
27 5 384137354
94 21 779287107
75 98 1189725278
62 22 1678625805
36 21 508026054
11 1 966581256
76 10 1073485741
58 36 246504765
68 89 1389941480
91 42 1437754075
96 96 1364416726
16 3 583702104
65 34 890373497
39 91 135396923
59 46 833696284
59 2 765529272
20 96 291200634
56 61 1599973509
96 93 1438710119
37 68 615244038
85 46 140767381
87 50 2038520276
72 99 1858087843
63 23 698340459
8 7 1236459097
61 79 1971299455
56 13 1915232666
17 75 1968400185
9 46 1859812192
29 84 762213639
74 65 61291328
76 93 141182612
74 88 1781174598
96 48 1876025270
3 97 2104360432
33 5 826722491
98 23 1157176351
24 60 2021724107
69 5 1519386875
4 44 1040106135
21 72 2021635963
13 84 1533425789
53 35 159177716
52 57 936748889
48 41 1854052585
52 32 1597301439
26 35 932024723
86 94 149423072
90 69 849469995
33 57 175908315
57 72 891465719
40 61 989425939
74 77 360825603
30 19 863752555
22 56 1049063606
53 95 5734206
88 70 1852547457
81 43 2062285083
2 38 455863620
58 54 1040578909
29 25 283677293
42 64 393933749
70 19 1512530889
40 75 1125676014
95 81 1109394396
41 87 1420562817
11 97 738420122
5 32 220142661
94 52 1887454541
99 13 817291694
23 6 197243903
38 56 2048947132
57 97 1463376225
31 11 747192546
63 59 837144986
2 29 1439802480
50 51 2004982821
81 12 1317227083
84 5 1673441987
48 100 1775613880
53 3 1799651079
60 87 489535653
8 64 982177191
19 11 1490917647
29 49 732025929
57 29 1902049291
59 2 711754644
70 37 1161173093
27 76 1017622425
78 9 736966260
80 88 1359783507
19 93 1022267812
34 84 118352923
96 83 160569731
44 12 127110601
25 56 1127369929
78 100 286943238
67 46 491734296
42 71 1961885766
50 84 142401244
89 91 145539721
82 55 21061452
17 79 1817913570
100 10 557021356
63 11 1280544651
70 92 530661147
70 30 1894656971
67 27 935064000
89 45 1116592966
72 89 1965202208
15 10 961538309
69 62 2052735998
99 85 1433363631
8 41 85598399
70 44 1647841598
62 91 409668213
91 14 420611182
69 15 244941503
13 33 1043832269
1 93 1687422258
62 3 765194081
24 53 1784414895
60 36 1472385216
100 35 2094941614
95 86 1665170174
86 99 310181495
99 81 1304829156
65 85 641089099
50 6 958179267
42 64 2070501780
44 98 1972974232
48 45 811136346
83 61 753533221
70 28 1470594780
55 54 1371858731
53 49 1737869725
85 58 951805262
69 57 908322313
75 24 395001229
90 56 528434978
87 41 1126342120
32 39 1002777315
44 60 62992915
23 92 1887836197
76 23 120454618
77 100 703657072
34 15 1899628124
42 28 1981495309
17 57 1194200129
25 88 581574855
17 8 1831041745
55 75 1412827583
14 90 1111347266
57 88 251502362
31 6 928234484
30 31 511746512
44 7 1459703588
23 68 781967573
32 98 1267111214
19 53 1725830130
26 50 2081142454
100 86 11055122
42 52 621671776
29 66 371558341
86 51 731309597
68 63 925300627
75 3 543917509
42 76 538965504
91 42 1818766927
96 24 483355710
45 31 1356134128
82 53 1268477005
86 30 1223161656
51 71 1283180997
53 69 1188887577
15 48 1060736015
69 57 1602383382
96 62 418490508
37 41 1638036350
61 51 12770092
91 31 419233887
43 88 393502184
24 44 1348402565
47 94 100315002
67 71 1195709153
14 38 1267852205
23 73 828490672
36 81 1337328140
76 83 1428848536
78 76 222679424
60 63 1592134584
47 47 1175905526
42 65 1132531021
35 67 2083682844
58 20 105952042
47 78 225615508
19 50 1220490222
100 42 1487010044
82 30 1564140479
57 55 1123164806
72 39 647438735
18 18 1493096394
82 39 633647492
1 35 1439737333
20 78 899579620
49 38 202061929
98 60 407920275
92 56 972054394
21 87 165471145
75 93 1773690526
66 28 1514515335
83 74 1954663106
73 66 1340152375
59 52 1019385709
88 72 1092678109
26 53 608255080
85 28 833968829
93 22 450826378
79 67 796155869
72 46 1151322190
51 33 1739004764
77 91 2003854529
94 66 974293363
45 27 1930335935
68 36 513214146
20 69 1123847333
48 98 1840367358
21 76 1735780795
40 98 149614039
85 88 793491217
69 4 495609840
59 86 2050892291
76 49 509984019
3 37 801499812
90 83 70209709
58 68 1363176976
55 79 587496248
83 26 298571447
80 65 1468456967
19 82 2115140306
22 23 1864828342
7 66 84552762
8 85 876460320
96 49 1285736096
30 58 184282150
97 87 812260239
27 35 1630441797
52 82 1325312003
16 1 347697237
98 60 1641237016
72 2 2062286234
89 17 1202366008
25 37 1065330866
73 85 477990525
83 35 1370680920
69 75 2109132549
3 24 1669709098
84 27 1892777924
36 17 219152528
95 33 1093414243
49 20 1014086992
65 80 476780615
1 46 1532387403
86 24 395924079
20 44 16374104
46 46 463947186
69 96 954336654
48 72 2075038756
64 100 1977141291
48 44 2129101226
67 88 351091573
98 4 655424321
44 59 979168585
67 39 51301037
62 43 1305041422
59 29 629704594
54 35 985034439
26 43 1853989108
77 86 266913307
72 64 866471570
60 37 998933617
15 58 579102036
73 43 809342833
63 81 607503228
5 55 451573746
85 49 1712235308
19 41 56169518
61 1 1448052772
46 8 1338212049
10 78 2093283525
46 47 511714149
56 83 1902558208
50 17 300145374
82 97 1531830346
89 44 1698569909
37 4 816738165
29 22 1497765950
29 94 401022620
36 95 1749030581
65 73 1076480178
12 22 512472639
46 82 408099537
14 56 1418785192
11 54 228730893
54 15 1184204975
57 81 1295281563
30 83 1191665251
24 3 1858390480
70 36 854479060
42 15 594327948
15 6 1944408712
48 43 1608687675
3 35 166266873
9 29 573972786
23 56 1291824996
55 71 623913601
37 22 282473909
40 54 323675439
27 15 48087314
41 15 793921583
47 79 359494477
41 55 1404003791
28 28 1535040439
8 66 1052749793
63 63 1488962201
33 16 247280276
6 26 291925830
12 65 973181167
26 79 544585258
92 62 755168684
70 39 533927977
76 83 393335775
55 74 741491615
21 67 849697042
35 21 946682949
50 97 69170663
75 27 1659925395
91 46 468161453
69 4 499752964
83 89 461695341
73 18 948316532
7 93 1756541601
80 8 200090929
99 3 740198683
19 52 1803354003
67 16 386414589
45 63 1408261339
91 16 856400865
94 80 1201992256
34 21 345639176
51 5 1228746858
95 59 2063326131
3 88 2105897137
5 71 744016669
8 27 1177918167
23 16 601596537
86 7 1409815703
53 73 1747017847
85 81 438900489
57 57 177532535
62 16 1718082668
20 99 1299511571
7 88 1462638665
29 9 801471919
55 76 165708375
23 65 502030983
29 68 1879610405
53 68 1663404742
33 57 321575447
42 92 501359131
9 13 516967487
59 36 1316717048
98 1 362182119
7 73 937277
34 48 973181206
99 31 787300612
18 89 1977193734
85 83 1656154615
94 30 680584119
37 61 252474504
49 49 717464945
36 49 1156818653
89 69 1486378111
61 46 1664556808
8 4 287887766
91 17 681772800
31 3 1300324798
13 70 1405875815
43 90 597960052
55 94 1462961645
55 39 2030929481
4 44 1872462582
24 7 139588869
21 15 442430657
25 34 1434976217
41 34 1135450277
95 84 45883819
65 99 45887249
54 51 651381661
99 48 36458855
89 82 849961610
84 16 1461373764
90 85 1039928719
56 43 2095292242
89 12 333434315
22 89 1022503439
5 8 654832931
56 57 1207616525
58 71 42041541
58 26 2133659394
39 36 1292493644
6 53 383492884
90 72 563475767
84 67 1171336756
96 82 1724149012
36 73 362316652
96 4 2062579774
4 81 1682812230
74 23 628889837
52 69 1646256295
87 14 1902905952
91 50 1282284642
15 18 1656854947
33 74 1018722088
66 38 1957800372
38 91 1614098719
93 17 1123067406
73 99 530590253
95 37 2030038157
16 84 1977825482
81 88 410411085
30 82 325240224
47 29 1036203014
73 69 1435744528
62 93 1471673360
4 64 1477423825
72 71 328015714
71 24 825765606
59 33 2030806379
94 68 1837695925
33 53 232609992
14 29 655525872
94 44 1342452802
62 24 709382900
55 85 2075136572
70 62 721411886
40 77 1305492789
16 35 1594991761
100 66 1125237383
19 92 525119493
24 36 1440894386
52 9 1480500718
95 11 1926223131
19 63 139949276
55 88 1435368537
68 74 1327830343
96 15 1431433413
31 76 721761504
96 11 1876888519
39 4 484401671
75 42 669610089
83 12 695441212
45 43 887135264
59 71 133411610
46 9 2017498428
19 4 1568618134
86 69 264194554
13 74 579727049
24 45 1193497579
79 16 1988828875
21 6 508449565
32 70 1279936939
27 34 663849573
97 45 2640269
57 25 5691928
61 12 600657473
29 66 361465144
54 15 593607729
99 47 744593341
14 74 1939659364
71 39 408957995
41 79 1888350915
26 4 1415887898
70 74 917792076
47 2 534012725
58 75 1699918381
23 19 1448372093
89 48 1210807274
35 42 1708985427
8 58 524827777
99 53 290219643
77 20 1674771113
32 19 1078956105
5 47 1537393531
6 72 1036011352
33 6 1592307998
51 51 479934307
51 25 110568481
44 5 1063937570
1 82 238571856
54 25 1770783864
25 91 1874055862
95 48 1828324790
42 79 149956573
65 84 1136558778
70 34 498856035
21 42 984989467
97 23 808940570
1 93 564317072
35 50 995712315
11 66 1895302015
1 80 1524560520
49 22 1771838745
79 95 1905540939
14 25 695975532
48 61 824638897
89 28 1843965766
11 50 907360938
56 22 1373115335
57 37 655247087
74 5 1426067621
53 77 1828312932
26 74 1389270484
20 66 1187896384
45 98 614100515
57 95 703894228
36 14 902101875
86 4 1688657763
7 39 1026646726
96 79 2127489981
52 100 934792089
28 84 1366820562
2 21 1002663966
19 5 1670647091
16 72 1373242862
63 1 1247010058
28 76 1790804714
31 92 1842132650
22 70 62450787
100 3 1311043493
51 92 141172140
35 6 595622391
7 72 2051471119
11 15 1985589772
83 29 156035642
35 88 1553751557
62 54 560925471
53 56 1169006798
74 43 2137872829
76 37 545671602
67 29 1342617501
72 21 1659810851
95 92 1178080937
61 16 1286698243
90 58 1026075506
77 67 1010313240
82 39 1943305674
38 37 432187387
80 18 313099792
68 72 465205965
97 73 868512241
69 77 310327059
60 66 157470983
75 10 1412607977
84 68 1451417838
50 8 1647143427
88 34 1099311155
77 21 1598725736
94 13 692552525
18 31 590725957
90 72 456805876
18 31 431964424
84 14 1111823992
93 44 252888403
60 82 1988231077
19 61 31436712
52 68 231224162
24 56 1001035249
89 82 1362393125
19 39 1305686971
90 15 1376588388
72 92 770231229
38 84 1146426347
81 88 1535771030
14 17 1077479874
26 30 797628385
93 92 1706529803
48 93 1452522506
29 19 467793881
19 42 1212927369
86 82 2005645287
77 11 1566976228
60 58 207247252
99 40 231412989
16 66 904597769
97 51 1530735782
40 6 1609486807
32 12 92678351
2 46 726519798
43 15 2056080027
24 55 377117697
35 35 441405982
44 87 533425658
36 76 1765000718
1 97 94052268
4 79 1803778683
9 38 483165731
73 89 658404870
18 88 1183047702
84 67 1272003703
90 16 83476198
25 99 1141537221
63 57 921450707
39 27 569643003
35 96 1621885138
66 31 860689690
55 63 1231168693
44 33 144884654
83 87 1201843726
1 91 574872495
16 89 1624381978
14 62 2061050168
23 70 1304369644
49 25 1709071306
96 63 1359084496
27 5 1159006983
89 99 492090900
73 53 967823054
60 31 531398149
2 26 2056819631
42 56 1157716583
3 76 358690351
24 72 101146916
100 79 918511938
62 27 280818839
19 62 429603534
69 62 1021161060
73 17 391173500
3 66 1345529373
80 50 772309084
35 85 2090999985
63 36 1090110978
34 53 1058662932
64 43 770622908
91 82 795633907
52 17 608097421
66 77 1068703139
82 30 1261136107
99 3 1330280979
100 39 330497833
37 76 984142812
72 54 620630598
76 38 1301011360
19 46 34687446
52 54 678213809
68 27 295707651
97 66 46175955
26 25 421709620
80 4 242648053
18 37 40389403
93 1 1871753303
98 99 452005391
35 12 434803314
81 58 1921293990
86 67 1535022060
12 19 1704290011
29 74 711217731
53 94 1724449927
8 99 840192804
96 2 1551459383
96 5 335591452
46 48 1431072644
57 63 1633046641
14 5 2000176375
33 17 1155601107
3 28 2042438392
76 11 973818355
21 38 1165927783
71 94 1732419135
72 29 1856089742
29 81 1867437437
76 25 603121384
38 18 831255830
94 46 1705368486
10 5 1112663152
38 50 1878837284
48 5 4631238
38 41 1978671913
83 76 1780217985
12 71 1799401155
92 60 2076610826
69 45 188633006
38 27 882440382
83 65 297868971
88 17 356212765
37 53 445010174
93 91 121067563
33 56 95602663
61 93 2093065400
31 100 511197634
42 79 1196426045
38 85 189374789
64 67 1068600157
29 39 1172181494
97 4 352811529
50 30 1913575016
92 94 1454459404
48 57 2096766696
40 9 711457381
40 43 1178434241
18 89 1058819723
2 78 72567616
21 87 970282954
11 33 288254269
14 62 1879333697
43 30 413733446
88 34 2065258095
44 83 396087938
52 16 1679862185
95 57 1254347877
35 32 918946168
64 48 602784237
50 2 494495090
82 72 1476519110
96 21 1699241620
25 67 1518875385
59 14 1380430580
93 53 1404974767
8 90 1688110611
16 19 27936214
47 87 1230616508
94 76 50126594
48 67 970808557
19 77 766295258
91 50 608768192
10 87 851038887
75 19 1259198711
27 87 1140223421
69 50 443396065
39 64 2027657672
26 25 628991539
1 19 1601184685
67 77 721837431
96 35 1108716378
97 79 902592148
35 66 1982798438
54 30 468101399
40 51 571242774
41 17 540826852
4 41 2056715820
80 33 2078290259
99 18 1524496336
75 1 998118288
61 79 993651207
40 79 840130554
57 70 89314302
86 69 260077836
89 43 585368089
57 96 322676180
49 68 1160112720
81 79 978130276
51 67 1007345355
51 56 1297884553
82 15 673072779
60 69 2046688940
29 71 1732533931
98 7 581646639
92 49 2000709425
39 29 687494765
59 50 1380366021
37 78 1812013569
56 33 463945302
63 39 1084829552
77 18 101536454
97 10 770266035
19 93 1846126795
77 33 1016949875
25 10 898320324
6 27 2061480916
55 48 752291206
84 69 1174950664
68 71 1112782253
6 75 2090282308
76 30 810601822
37 65 414875650
30 12 1743234346
14 40 590024916
75 64 1510292492
1 32 794437869
48 39 912620874
68 55 877470580
91 8 1667117263
65 68 2141422630
94 42 1450787588
11 92 268284915
74 90 640603551
13 6 5310132
77 51 1091534945
8 20 1605020119
98 94 85776771
53 26 61654570
12 41 1197183438
32 23 1808825028
73 11 833925244
65 26 521504190
6 30 1641827900
12 62 1746055873
62 8 1851137986
33 79 707910914
78 51 377855573
3 21 1613263171
43 11 1294117075
65 39 533199538
28 36 1420792869
5 26 472531594
34 78 250775010
96 3 351273815
55 41 1364052926
33 55 504437539
35 29 714349171
56 52 758925048
66 27 1515635750
57 17 356631244
44 87 1570817809
69 81 166532088
98 43 707026292
100 58 1685420326
41 85 959540673
95 76 1768405927
75 48 1422068911
26 96 6306398
4 99 1877740253
21 43 1791102970
59 4 1555219578
91 92 2004015321
33 85 1511510741
90 63 1719533738
26 88 79172890
2 15 589049830
49 78 1809591824
96 76 1971170799
46 81 539566276
41 4 956378980
44 82 1607324800
36 56 1765712958
72 49 1904075048
86 40 125702432
73 30 1076836221
39 60 1826562047
16 36 731833800
44 87 654484300
24 64 205954947
79 96 901881493
13 96 951411533
20 6 1925362876
68 6 1842783963
59 38 1410701086
88 11 167050923
99 10 1218857795
35 10 2039560333
73 10 1903743801
88 58 817714596
83 3 659212971
30 36 1071858250
87 64 1463386362
92 80 1690328981
81 18 1116713200
92 42 1462072759
1 37 658096898
63 23 1441319097
72 76 1326363883
81 72 136918407
83 95 560032595
70 45 1404601777
86 59 2130467107
65 92 208374245
82 93 1837365537
23 4 700692469
12 2 22674912
86 51 1629874913
61 86 1959158975
84 94 1665011398
78 89 953387131
75 66 726167665
85 25 1934764535
77 23 62089672
21 60 1245894336
24 81 454428669
77 94 2227244
28 59 1108147855
13 34 1516783540
6 84 984394452
46 67 328695187
64 33 208898716
40 20 1696863290
62 92 1961007975
73 80 544178103
54 49 710570523
47 93 1774774346
5 48 99919174
90 40 1422291401
25 92 625803966
92 31 2142342571
24 48 89488869
95 38 166811932
86 65 209811571
65 20 426862033
65 43 507845205
58 41 1153453558
5 16 238878356
97 17 1541478160
40 35 577961001
71 59 1160821926
18 28 2095964417
7 60 1962072492
24 31 546427038
43 64 58601375
86 70 1744489839
78 80 1763553803
93 37 118020512
62 49 63521469
96 51 969356565
6 29 1672436604
33 98 353973126
92 90 1517832143
75 80 418426002
38 55 1164246325
59 46 4503919
91 49 1944736604
27 62 169784134
27 31 1222016626
77 48 81274539
5 4 1668329135
2 31 1683072040
43 26 214992125
74 28 1725868616
28 53 2130545790
73 73 1855885680
74 29 1409733490
87 63 1945542780
69 42 1554708258
16 81 1778708085
19 68 1048019613
1 9 523464770
27 86 153524323
54 2 1900270766
59 45 2015163839
83 77 556804919
63 19 1417167491
26 52 2064838064
19 62 470353502
99 47 992202570
67 13 304774537
27 83 80506008
12 6 673370108
65 24 1453715334
61 16 692484040
89 35 1701406198
8 78 190018432
11 95 250540994
72 97 2052758019
19 20 376235189
83 57 1744697988
65 65 1384024606
22 74 977287084
98 60 739477547
13 100 248980963
99 50 1636343124
76 82 314998764
22 77 1989648671
19 48 15901033
38 38 243431405
94 78 155980575
11 36 801568157
84 20 556175273
43 67 1720809894
95 82 1900775491
44 6 963752255
78 71 1614028753
54 94 973805181
53 28 1107919602
90 33 339241872
19 60 1807458209
54 17 1522375855
73 90 1711984465
91 36 902170500
73 80 546649294
30 35 1337904888
52 41 682376184
98 74 917565261
77 76 146529466
61 49 422026818
20 10 2120292508
36 17 543573578
77 34 1370861932
64 34 1284477356
43 29 1023897399
30 69 838103023
70 53 215953704
43 66 1619931856
70 32 597235205
70 51 1458732081
80 11 152886593
96 89 1130646612
82 73 898612999
15 30 12961027
95 81 194500590
64 4 1196523533
68 8 1835298462
34 16 1577370483
65 21 1396544777
15 54 253257298
77 47 634233568
66 11 51964499
90 10 28825946
19 37 129318727
51 28 1255613342
54 13 1806875436
14 27 973526251
81 10 1585425619
54 39 265171504
7 37 1454260668
6 5 1279752635
16 4 1861939911
26 51 1596912428
14 78 1855532118
93 72 1774792688
5 61 231107891
31 12 210064396
92 83 1927615909
30 87 561243342
19 8 1003149195
23 43 417098253
79 6 1103460758
81 87 2045399674
10 57 1994044351
34 97 962355816
94 88 1292318309
57 85 2032971713
40 46 724647196
78 88 1092198887
37 35 237204269
79 89 560404287
37 47 548548861
75 73 253602491
31 76 1851874771
79 45 1177717133
67 54 1634226566
51 19 733311211
48 67 1595980967
36 55 1512694158
70 24 748622288
10 11 758026024
9 24 673174355
81 16 208523543
9 39 960986017
53 72 491126599
58 90 573737977
76 1 1439928043
43 21 1152277545
49 31 1638402393
24 19 1312062280
86 44 1176406401
9 51 1648533011
24 94 1684419219
63 11 1181981051
86 62 2135262859
76 39 1211653163
28 83 1850953920
48 80 1791169548
31 25 1756947242
49 5 693002242
44 59 984022465
94 22 1042928550
39 41 1418269358
1 44 216163734
62 56 1435970096
1 71 1960438281
35 92 1276311208
14 92 116900088
91 86 78185887
95 28 525379117
5 45 59618418
26 95 1586413461
18 5 1483971307
62 39 2108299145
69 87 125415698
39 21 321414859
82 29 1122550959
25 17 1821268393
10 5 1422361059
89 74 1564231349
85 92 1411457895
79 54 2140447100
36 13 1104764677
26 10 2136313495
13 8 2122107308
33 68 1049925328
13 79 131420718
82 25 1217547400
38 84 1804507624
11 85 1501764986
3 32 1002321726
8 84 1290200311
20 62 1260845641
81 9 185043428
41 69 426441054
8 49 1273524966
38 67 391766150
62 67 1204959462
97 44 1682521343
81 82 1902637680
13 8 243203943
96 71 1058805845
9 13 1640889552
69 93 1325942723
89 47 74780855
37 13 160303295
4 15 1903924902
22 78 2133229340
65 73 522001353
98 6 640085650
58 49 1904229930
28 94 1430924794
92 98 1360617342
85 73 650588602
31 28 1437152071
96 24 1547447759
10 78 2031400996
39 70 872948851
12 24 1437122372
69 74 1233461889
17 56 1763732386
62 3 1882771943
11 45 733297223
83 99 1723637514
10 70 743868950
33 82 367916233
63 30 1869304328
32 33 1344832089
7 5 2146942628
80 46 1663189991
88 85 1796211859
90 28 641728527
86 3 1406029488
36 70 1435036998
58 20 2054693780
39 53 1192297041
20 33 1155633726
52 75 1701145088
8 55 667093171
54 46 722962978
38 57 361356509
17 36 1486503696
20 24 1234362037
41 74 965548874
60 6 1330652810
65 47 1619342267
97 25 1231581357
71 65 51287428
25 37 1098892979
22 15 1516553086
30 76 390245991
65 73 1631187728
40 62 679699297
13 37 416561568
70 99 417928408
17 18 1427668767
93 75 1666215231
58 3 855388480
46 34 340020602
60 20 119570579
35 64 1857228400
59 92 906754982
21 41 57362498
9 9 715080438
59 17 19978502
76 37 26750472
50 20 1927693388
4 100 435990032
37 3 1547752789
8 82 1635107534
71 34 1421017245
15 16 1266838432
55 15 511591142
16 5 389637414
32 7 1866526122
20 79 1977942780
40 19 195746007
39 52 2046484456
93 93 1138994611
74 28 719653099
60 25 157529359
27 9 1990353029
93 52 1406860895
97 66 1234235902
4 41 1889039617
34 73 1641716800
53 81 1919936220
4 89 94945811
96 1 1317101349
75 52 1631456142
52 11 1157580767
60 93 1752703626
11 88 28612405
29 42 337636897
69 11 1247373894
93 64 630318249
73 36 660704082
62 47 1118741134
14 96 292935789
17 90 1878524485
28 58 1068163811
20 36 1430354662
59 41 2084451822
1 39 1394562784
63 85 1897808612
26 34 1165748132
61 68 1176324125
7 3 2125282597
55 92 1764140710
44 29 1231893075
53 93 1248192792
41 55 1970569219
33 29 1094408090
23 66 26570300
7 30 1291752
92 63 760128415
60 40 1797313440
14 89 737815753
57 52 1971548459
86 27 373161965
30 71 1869079709
84 42 1174431513
65 32 41921005
82 33 647644238
11 85 1181754460
25 52 744141919
64 45 2112608510
5 98 1652891021
56 9 483730586
34 75 1045546643
5 36 921896380
98 49 1180943609
30 55 1105559344
14 45 632711760
50 5 1156963641
2 76 281156304
46 39 1318521528
95 60 1150416144
3 99 1902122748
29 42 1042814755
64 74 1951868888
65 83 1582510644
71 79 1905309242
15 40 1867189123
71 81 1494720588
47 37 789195389
85 66 510741942
96 62 309190039
94 62 922355433
35 17 26819288
8 57 143227216
42 54 993175280
21 48 1603611344
60 71 2016456414
92 11 731871080
29 52 1079093450
46 95 1654781796
7 34 276577332
68 68 744854728
36 56 1395860921
92 72 1127658908
45 4 862145067
92 100 1780263009
14 66 692604781
76 46 379365792
28 97 1997509683
22 45 1533225463
7 78 305034660
26 58 1610837066
81 79 910304485
5 39 1393735320
60 7 718031164
60 68 465702660
25 49 394575404
71 93 224354869
19 76 1449761645
15 92 565023824
44 52 228366997
1 71 748981203
32 8 901738229
70 29 713457361
28 93 327365817
95 5 736638877
95 9 1397404236
87 79 31151012
15 76 1664717582
58 100 934746452
61 97 1643503067
31 100 1920081110
39 81 361851663
19 43 512159294
63 60 1351179263
67 89 1593572991
76 25 872119837
6 38 2026908232
81 72 1142336670
32 77 215914836
28 44 780868193
79 6 994747754
60 69 320906936
54 15 1817133874
65 79 434712944
54 22 1186642606
30 59 243658225
67 43 147818852
91 66 1123479357
67 2 325434089
62 96 466190520
19 2 1774115647
88 38 703223377
2 65 302735588
32 9 1286109641
5 68 1833227706
64 93 533245011
58 45 931049440
75 2 910308359
77 91 2135739349
24 63 1247121567
25 10 2035441728
14 39 2125813646
78 28 1880088985
87 69 1810427039
54 27 1120523422
46 90 1403951127
42 31 1385346342
43 90 944133651
85 91 1222649726
47 10 289325754
8 90 1072513577
46 88 271993653
25 26 356156566
46 17 994652544
24 39 474710882
14 18 2130457835
44 60 1910584332
85 64 2110392873
27 42 1705879167
88 96 1022477303
77 73 526377801
16 26 1991696308
41 92 1826688905
57 88 334091182
48 70 947496427
65 57 1205165050
77 41 1640342063
40 66 1036593258
81 85 304226994
28 88 1578982620
100 89 1813014407
77 49 894280435
20 7 948594351
8 89 1708561491
29 68 689641600
38 18 1159841747
78 34 228145763
96 44 1427383639
80 39 1406721730
20 11 1388809762
60 19 1662973489
9 6 1154242840
67 57 134611468
7 1 1107719588
26 1 773252447
43 100 1753404575
28 63 1883666512
72 55 927138942
62 85 994214737
72 100 1643289416
42 41 1749356635
48 82 1838794195
56 50 1755814755
56 90 1179623573
8 37 444311831
7 65 497375956
22 29 396497350
76 71 1782018078
12 60 1395564101
63 29 1688846062
4 64 2093362933
37 11 127161827
86 18 979490474
28 43 1303975929
16 74 661696037
80 30 1889776044
61 81 1853090403
31 11 779784876
43 64 97243103
71 78 1212186814
86 11 1218458477
97 90 1779031580
66 64 1900665316
9 46 1717971153
82 83 191185032
64 79 241043048
96 34 1473466127
6 10 1477153487
21 13 1179244070
98 80 1573952612
60 57 9601234
50 89 383030219
13 57 238066467
58 62 1330524733
92 95 545061293
71 43 473471626
4 22 1613131689
66 10 65571536
78 32 1907776541
57 96 2092859861
65 30 162183910
5 49 356595270
61 17 655772119
23 50 2039204931
69 95 1515902341
11 21 1895044032
32 63 771438754
93 99 2145660558
24 93 355043375
19 6 1939281252
48 17 1668110061
49 87 759988277
65 6 993947482
66 89 2123169342
60 82 1570657716
32 67 1675081284
94 21 529999446
93 31 1756361978
85 6 388871422
90 11 1901739146
58 24 1426466816
44 1 1120139316
1 35 1365786864
90 30 253992280
71 46 1262763945
89 83 642195856
10 29 1013243287
92 59 1841554281
98 82 1045216725
60 80 532007161
83 48 247301802
35 16 353284560
70 80 1206550703
51 60 1315388704
48 57 571519845
30 13 490846467
11 53 820928956
21 34 185722417
54 11 730887408
85 72 663983657
33 74 1924292416
48 86 1884956450
80 90 1305964037
91 46 1181262658
48 91 1486538008
12 58 1644964155
64 66 1184138737
49 83 634061199
59 92 1751093519
82 49 629139825
8 18 1317422909
93 20 947442293
34 9 639337293
79 67 1758894772
69 27 265139714
79 35 1715803361
44 72 310630625
27 23 1357832088
70 42 256511089
18 19 199367999
87 29 1718409981
59 74 765971540
67 67 1990304532
86 91 155508718
12 6 871940096
46 19 416151217
69 44 1426472195
91 85 428864690
85 74 1904018416
3 73 140369837
83 6 96869907
57 46 1550327393
75 31 2090731451
66 49 876562470
71 45 1236566755
41 62 362315018
85 9 2046255064
69 100 1030074684
42 68 95318727
14 6 993080711
20 13 57533165
17 58 753582648
47 62 1881187804
95 32 1932202278
92 39 518037195
5 57 51315917
66 73 100358158
17 10 975794542
84 37 1887973510
41 48 945922503
5 13 496493168
15 13 110611839
76 17 554250056
59 48 1670228702
49 95 1466572849
5 13 815222592
30 71 132329148
39 13 844364713
75 75 1232710329
74 78 1053900765
38 98 448305857
51 38 1660279162
67 94 1945180776
66 48 1246258503
61 97 440074813
73 41 763196461
43 90 430454817
7 3 1488104946
81 85 671254236
10 50 222705062
7 7 1135538135
96 21 1319802973
89 49 1529082223
37 4 1497080041
85 17 1008515059
26 78 581424471
67 48 267124195
69 94 165972389
5 83 1253763595
54 45 1123504027
13 81 721116188
85 6 543093246
86 29 700047042
89 22 1746227630
6 33 1056896418
35 4 98626255
82 99 1834123380
28 88 2100749646
10 35 1742869766
54 62 1993194071
86 2 1758139676
91 49 1486012440
71 91 689607877
45 73 1314106762
77 92 310800302
81 47 267246959
31 79 1946643194
19 77 1484476527
53 95 368851906
67 18 1418507215
68 47 561180221
68 39 1079892706
58 16 2146963997
83 78 996509019
26 33 1273091463
24 92 1837742740
2 38 1124403672
30 66 1547682102
76 24 1126066772
94 40 1113321277
92 61 485465995
30 19 2111100762
46 68 90867882
75 88 1567265339
7 3 1844069821
51 95 1978177746
88 67 2068215369
5 22 1800822422
29 46 1129264903
68 23 1796412579
80 18 1500492224
50 33 1999643515
18 15 484911596
57 6 1940871641
11 80 1239179468
6 78 838119026
24 100 1004937276
97 74 1538793764
43 78 1776681368
65 9 2087451996
35 85 1742129215
19 52 1301893246
85 48 1846636796
42 42 1228356565
21 10 443561573
51 88 765343283
50 65 1883960788
23 81 628850464
52 1 695178060
60 50 1061526702
96 17 693734019
47 64 77266005
95 12 1323223423
88 29 227506859
49 2 504865300
36 85 1851884921
52 26 1951776171
32 90 725270772
85 2 2120674794
34 5 824802198
50 76 781549209
65 81 1343924405
76 4 216604003
4 63 31983249
57 15 583450136
42 36 962700484
19 59 2007853320
60 83 428878623
61 30 2059537455
17 28 86576591
92 37 892415324
72 94 1924215573
27 98 188903290
89 47 1828082565
4 84 1627659021
91 20 31194229
2 92 2098998770
84 16 1125098840
13 23 2033312199
92 14 1223849612
81 38 1905721428
74 63 477694372
23 53 1312001743
70 71 1436899670
5 44 1079895010
24 73 745853065
68 96 139175108
83 36 1211637309
57 88 393543144
70 52 1953051057
59 32 272512300
73 4 428443380
26 100 1617285054
48 70 1908157676
43 32 1333044497
15 98 475395653
62 6 297911629
50 67 660962096
37 11 1993425678
40 20 2059872534
71 21 946879255
27 1 1694344813
26 7 1931517485
47 36 1847300562
78 85 1122292961
27 39 1384153703
84 68 516593370
50 64 618610731
13 94 667820980
32 80 550052668
4 87 1489155407
57 100 1095883330
63 37 1995414456
50 52 1204783233
35 65 160889331
73 69 2091111408
40 39 1298851587
55 22 70768622
100 3 1765983472
79 71 335588336
65 31 2027601567
16 13 672084523
4 69 992447879
55 54 311009393
72 85 535926743
40 45 852760777
30 84 1736907149
3 7 1338793840
5 31 319382946
28 67 672100145
10 86 161850675
22 9 1882997439
42 88 1087434306
95 34 1854162409
31 77 1735515016
75 54 1853785087
11 55 1445642678
17 47 1027681159
47 93 1218511261
13 38 538470318
98 13 1685094645
59 4 1852572354
98 62 2136786775
31 71 238185068
7 39 1656517762
12 78 110223244
66 8 1985380218
12 67 2138389328
56 81 640019196
93 99 1403736942
57 96 470163606
12 2 2014384404
73 29 266032914
96 97 512524311
34 11 917384342
64 55 2016539748
71 25 367784012
90 6 2002991577
70 2 1818505341
20 97 133708248
15 3 1915667741
16 59 883783549
96 73 1068536761
92 85 1409878033
2 27 1614486128
56 27 1270392414
80 91 83898329
85 21 1648130199
39 62 548318240
35 10 150457361
37 3 993017880
96 5 466127146
20 66 422357513
4 51 851012108
82 32 1990275999
61 46 1201699652
51 75 742989959
71 26 452043491
84 67 319765927
46 28 986176465
100 61 1707528399
4 7 806501688
21 21 297480735
72 81 446498454
3 33 1766079158
100 85 878639891
26 45 1948204051
51 88 1047588354
69 15 179784376
49 81 1163297460
9 32 1984352205
67 20 263649056
87 7 1179938860
20 62 1506791080
52 72 506600103
36 63 1941335705
32 67 638939356
19 21 978276681
86 49 312510584
66 9 1337442952
49 66 2056047500
21 23 1313858460
27 35 1724486627
88 15 1562805865
59 71 1679828284
74 76 1918346235
40 85 1332575723
12 66 665506706
60 50 369182677
21 55 763369562
86 7 686760179
60 20 1846882927
94 47 755272199
61 64 2004376026
31 1 1745725565
58 88 1745399976
42 11 734555501
60 70 661396192
61 47 426026755
67 9 208231566
74 40 1171308086
93 67 1004641224
91 19 2119363683
6 97 1400447029
6 14 354682341
94 90 1636153371
56 43 743744880
25 35 463879874
23 90 1774835033
31 57 694153645
22 95 706762312
89 19 1721224885
59 55 756432529
55 36 1684355519
68 77 1772832424
10 100 554207882
52 80 2094311775
87 54 1283268882
28 39 934069559
36 37 1415896481
31 49 1344635564
1 86 1407046985
7 15 1302530025
42 86 1786356883
70 62 567936289
69 44 1540477457
1 71 6929418
6 54 996814969
97 65 876563007
33 98 72200287
81 62 939442022
66 100 354629004
32 25 1469886105
17 61 2109609711
78 2 1526763205
74 59 76028926
44 77 1541043895
49 99 223102047
65 6 881050552
63 93 994757148
24 68 1258375480
75 72 231184212
52 77 1781891877
12 41 224480060
65 98 1538271576
24 24 1053647906
52 71 1472300579
50 18 593574074
8 71 1848220923
52 71 1875343387
19 52 2090837949
91 16 1691856525
19 94 2085446099
11 6 279169402
60 83 206866965
36 41 288991430
6 20 2066020253
24 46 1249915556
46 21 984975958
68 9 280817
71 10 515514068
87 87 1322634087
32 39 628786229
37 41 2051340247
71 7 1257454910
11 89 1921377069
82 42 1971652004
28 50 801839962
48 60 782526637
8 77 647278934
70 46 1390854001
8 33 2124143672
46 14 930848510
39 13 1740344041
97 23 482143029
85 45 842000700
78 1 1726081310
79 63 311718144
39 52 1487452571
15 86 659054570
60 40 1849351178
44 64 706729399
57 74 1070529406
70 67 731230004
44 96 2115484242
40 48 1135191790
41 59 226827726
55 55 1456412303
7 26 1778893781
44 48 31764471
83 26 510272486
46 77 1582448245
71 84 275958541
37 40 1514556897
85 34 907132618
32 24 1858624262
42 50 1995441601
96 5 1141752993
73 38 99398400
21 10 1798388106
98 96 443550101
75 93 1720705684
10 34 1311547581
49 84 146924304
82 2 2114663540
5 16 1254457376
6 70 555790160
10 63 1744743201
47 63 838067349
8 21 1470698821
3 23 6724893
96 59 442980391
81 92 1338711065
64 96 1616962674
66 89 2008965222
81 65 335235655
2 77 2025933059
65 79 865434216
79 80 457635077
52 53 433945775
26 47 826130783
84 38 2144462585
75 3 1676422132
23 29 1845451613
11 3 2018624276
27 58 955589093
4 69 514970326
34 37 544725927
13 14 39125243
65 89 1245050322
11 72 1665921973
100 10 1745290298
54 94 1056377333
82 59 910730659
36 88 1455274581
93 81 509705343
13 59 1475963970
49 87 614873325
62 30 1818660258
3 52 1630424822
26 77 1520865838
87 27 1496708201
81 12 2000932300
91 72 77281906
78 5 1637686987
11 49 101178175
69 71 97958419
7 96 1506477132
37 6 897201232
40 28 875249446
69 18 1874567548
95 71 426319025
7 24 822450112
30 30 444415644
34 69 1137667234
82 44 625861864
4 64 2012072274
99 96 1516301494
4 80 1830759101
83 26 847086689
53 26 1957818228
23 52 386424748
46 16 25680195
27 60 1931961901
96 94 573549582
39 10 1700685115
2 36 1528106549
49 31 1531777852
29 84 179088703
6 25 1436183006
84 5 491034641
87 54 1011993093
2 49 200799267
61 2 58385465
6 84 662033591
16 51 1501946986
51 100 531820177
33 5 2144578878
68 8 1404249279
92 66 1355516259
97 7 726145616
50 52 1390704899
50 20 1628029485
51 85 113085838
34 76 1585256898
84 15 739758956
36 92 349937523
92 22 280381225
99 53 2047391558
16 12 1039276677
23 81 250606921
74 80 1639200517
93 18 1296514918
29 56 1395713967
5 7 1721275917
19 63 699266702
62 86 30371437
83 11 1242696672
36 21 1573052963
99 51 1200529013
79 72 1561307829
11 41 998940403
28 59 525419828
83 78 341545373
41 47 505702501
3 49 1679924805
40 86 1071191975
3 11 1358807836
75 74 392383971
25 40 1723653306
96 21 265681156
88 24 1039580435
46 52 1141088745
75 77 50751924
21 79 29139458
21 36 514024599
7 12 97682653
17 100 1277534793
42 71 38994947
33 29 576938321
53 86 1783157946
28 21 1760777093
32 18 1512633
8 42 2096846778
86 100 852558905
22 99 137408577
85 53 650662498
84 98 275208456
55 45 253743124
83 66 11835817
20 64 750015550
40 10 1882106502
9 43 112081782
50 73 260328513
50 78 520908420
100 56 1399524006
4 54 281132779
1 62 384410363
45 86 920680946
63 3 134844852
26 53 1898039035
35 8 33493706
77 90 2023240246
2 3 418432806
79 23 1712274256
86 81 1638936757
91 60 712444908
52 23 1177965012
37 22 18064564
40 74 1566705809
44 61 2105859771
51 68 1271200748
40 66 823505835
94 72 764287663
69 80 1042909364
49 37 364446195
61 98 1013790380
35 10 1494120771
56 74 2080645822
30 35 879625011
90 58 50377802
9 59 342919745
74 94 1491873696
46 57 1461837787
25 74 513140533
14 69 1314174001
11 49 969494901
72 72 1907719661
97 47 218291348
32 58 1116858203
41 12 443297784
99 57 95649126
92 53 107405934
1 93 354324808
74 26 1254838553
94 79 226254129
42 80 1054991942
66 94 158529604
64 42 862315775
73 97 1036931372
84 82 101598555
40 8 162177095
45 42 342384094
37 50 1465725385
14 55 1521337
44 85 1287648610
23 79 1393586103
68 84 1333124197
61 59 452900014
58 31 833559377
91 38 1207243649
50 34 1624330632
91 28 280256423
93 13 814378367
47 51 393566955
83 13 1678446368
62 69 1688223311
45 66 1392392686
55 32 551190505
38 9 1530391766
75 58 1151887375
8 42 2006458765
35 65 2042271414
100 85 1366731256
2 40 334163100
14 61 199405499
82 72 1188712581
99 10 62108994
30 16 1273091638
90 34 1389008993
99 61 1446792430
40 78 1548040504
57 44 1854930312
93 100 562362298
32 1 1283545497
92 100 1872517598
16 33 1469443564
77 28 1467909497
44 18 1053555948
77 11 679282929
37 93 1178649819
14 50 1611416617
57 62 1454430309
9 12 987947317
61 10 1026346009
12 60 1963193340
44 76 1181968384
23 26 370894451
41 74 922364227
3 3 1240084571
96 74 706963599
45 44 474888688
58 53 402834953
69 22 385590162
30 31 1789885570
42 23 654916982
17 59 1475057193
94 10 1144051488
67 38 1871492511
22 61 635504603
95 60 972580405
90 100 34545052
42 54 1516922696
15 16 832192705
97 38 690201026
20 20 227009507
30 65 1315135748
40 53 1129056017
29 16 1136679810
89 19 244079429
100 77 1278021450
100 29 1122188396
53 78 1387996886
20 83 1382393579
57 9 2093325794
28 17 252172242
92 17 2117093561
44 86 280123543
12 97 1554607582
82 26 420458962
58 28 265245902
39 24 1795932001
16 62 1192438652
98 94 1005084456
59 40 1619459575
27 82 530482283
43 96 540553210
29 39 977245901
77 73 837128197
54 35 1991692608
81 37 781476441
56 90 326543751
18 43 661439589
11 51 1155603004
50 27 493743053
31 62 1513544411
78 73 147049289
16 74 2004360732
88 23 1772083812
22 83 586898340
58 25 840367393
100 76 1663028773
42 17 2029587228
92 21 1180555997
70 74 498328659
84 38 2076231008
56 27 1871467991
81 11 2001133168
4 75 597866436
86 15 1363759023
62 60 424302597
89 33 192226706
5 14 315979705
25 63 1988000246
51 23 1918405490
40 83 1726655011
66 26 1943231094
29 47 961203301
3 83 1905301182
70 58 1317685637
29 55 1190049274
14 62 156384888
27 67 690719876
89 66 1307010181
63 8 1013375157
46 71 303557859
23 18 691102698
69 19 175575316
3 53 761336444
61 42 2072986246
15 17 402455767
28 5 885079696
95 33 888919509
12 14 296078787
19 24 287113527
41 83 1360352390
58 82 1297059087
77 98 1968701609
81 94 1081445830
23 40 1380641832
91 60 2082564992
95 56 1464034259
27 17 1864759986
93 4 1453238232
16 31 69985595
98 21 1780891213
31 60 1870159154
80 22 133536863
73 52 1827194939
65 36 266499972
24 81 1064104894
79 92 1115091684
95 30 575845230
50 63 137085408
80 58 1105822400
53 24 200464067
12 30 2019535565
85 93 811688647
88 85 1047465927
24 57 1340720199
56 3 1616954063
47 87 131139638
76 17 2063323916
90 25 1859975462
100 78 1964656711
23 45 516997543
4 62 1024833995
96 10 490257858
32 89 881970743
88 88 1133934830
90 4 479308305
28 42 1000656160
96 11 2014529006
73 25 1090719534
50 89 1829949623
46 32 7237574
8 79 1698441896
69 37 183787151
57 80 2039261147
96 63 502124230
51 68 133843670
93 81 1998524359
55 87 768807039
31 73 1315504234
19 49 1628217706
2 23 665286207
80 72 774657453
69 23 1828383360
48 22 343185280
62 53 1661496436
30 23 681586083
10 34 1167891934
48 73 1104069978
73 60 405960484
21 18 933538914
95 26 356494685
66 79 1339308986
89 91 611848518
10 71 811854786
14 59 673814885
36 42 1331663647
22 28 1117225728
94 6 1031157289
5 42 940503688
23 57 1935984460
48 42 1552581932
78 80 1945017327
20 98 516765244
42 36 1746580132
100 22 1231272194
93 69 1620449307
73 49 900471495
30 38 1069863116
72 78 749947561
28 91 1256229066
21 75 2069441688
100 2 1707387987
50 99 944725416
85 83 1609837335
58 77 1898425376
78 37 1324502327
26 32 569654271
15 100 801773143
93 61 977445273
35 79 1502631144
9 19 1163386023
63 6 316204595
61 74 300395846
43 61 1727808295
72 89 1115329432
8 16 1284257789
91 88 1418773367
90 83 488618244
2 56 1672433359
81 52 1615755103
99 75 107084289
57 22 846486497
30 69 1484011759
91 16 388941671
79 48 1455340014
47 90 1619511685
86 57 354422344
68 53 708027134
76 12 1602705523
27 67 1640921424
54 56 2078903904
75 6 691127355
95 65 1332463411
11 37 652670192
58 3 261585034
47 40 2057633313
55 84 922866411
8 18 1721905896
71 93 961557615
90 69 1766750490
45 26 1345148369
2 81 860137274
67 44 627921800
55 36 948897795
9 71 1403389905
48 36 959243914
83 99 900717613
100 95 499100719
44 62 243011478
12 5 1804883249
89 74 358020190
69 100 304473886
64 100 343247188
100 95 1958351854
22 52 1243762260
9 19 1802302068
7 32 958515667
1 51 1214309049
14 30 1130225700
18 31 161487495
43 21 2096499506
42 7 424231047
42 47 130776767
88 1 401116431
92 13 1887920230
10 33 557805903
41 100 615890411
43 1 837556517
24 1 797226469
54 48 1456457882
26 7 287033952
85 54 781586694
31 21 1652769736
84 52 1381021229
48 34 915238968
81 37 1658812859
32 48 276019520
33 17 1962543860
85 86 775035655
33 21 1251473678
39 73 901773884
44 67 83956461
64 55 1249978945
16 36 448121228
1 5 1784218811
38 16 59583010
37 37 1371483190
54 49 235984074
91 4 14878358
11 35 1838391742
35 19 1573044426
54 80 1315335916
8 78 1489497259
44 6 78821575
100 69 1779392590
15 79 2036679590
3 22 1408488479
52 96 510709668
7 54 180899673
93 48 1216284963
63 75 778356126
43 43 1301630760
72 55 1420211913
77 30 639385673
97 72 340173268
75 62 1437813667
48 94 1296152433
43 62 191209088
96 35 85527491
44 50 1754143297
70 76 6079242
64 89 38076504
18 54 1934091546
47 27 501652369
18 95 483847497
32 14 1517412093
77 48 1514445520
90 36 1846430967
76 79 601868862
25 76 2090604857
53 18 1708579752
41 23 1028837973
46 21 1366715437
73 91 2064225754
19 40 1052706853
33 34 111551322
32 6 1277438753
19 25 1663890329
97 87 1781615718
24 97 1811514593
42 1 822388270
16 27 1740076522
88 64 1571242814
30 70 1736099059
70 75 726547283
55 98 1030244402
12 51 1937520434
36 33 449560517
75 3 1052541035
23 49 1684505831
23 19 1952114554
49 93 1861446447
64 59 1450578014
86 18 506117154
60 54 1677199883
57 56 1152706404
60 42 450048810
92 59 1083672621
94 46 605041509
94 29 1763507983
12 35 207225957
56 83 1939742479
14 49 1547444580
84 3 397047695
37 39 552777580
44 95 919857440
85 6 1609838596
95 27 1752676155
40 88 864776798
20 71 727756244
54 80 1005645437
88 60 373349001
37 92 570943456
91 87 1022187970
81 20 1315697953
76 60 30537041
81 8 344433284
59 16 2047423468
47 14 1294100814
69 58 1284490005
49 48 1555613224
60 49 1912101377
3 5 2067917265
41 27 1326155253
60 80 192932495
19 21 345448876
27 57 788927151
94 25 1973416131
7 91 687621141
17 48 1831550987
64 72 726262708
64 2 1873949556
20 19 771903067
47 24 1115051469
78 19 1152958809
99 95 1438402669
55 46 743756839
32 29 678859917
74 23 848904410
22 62 2118667117
45 70 920936985
98 78 408843100
68 45 955734463
91 66 985070882
10 76 1519040328
56 97 1725857106
54 36 1636058256
34 6 1594077062
56 16 1499853345
18 85 500004271
39 70 2026503492
17 22 1192513288
13 85 2057618686
79 68 247286005
6 48 1382637796
2 6 1361639257
89 14 529739264
94 77 1823348617
10 74 773432503
46 45 215095710
16 89 1979889227
37 30 351624818
74 68 1499219334
93 73 1899608546
92 21 520360276
98 78 661916981
11 43 1615197682
39 12 1976475571
65 67 277126916
61 78 1661023425
2 57 1804381271
31 75 1628137438
98 61 1541135026
22 8 351624851
43 36 1192161443
72 18 1286817835
66 52 213967484
78 75 1757152294
96 92 1067998385
73 69 1793842749
30 40 139722361
56 30 279624362
17 9 1258578392
76 60 839235841
11 56 1416366363
28 91 77640457
32 75 332181028
6 21 562243694
97 58 443693423
66 7 749962718
57 21 1696147291
39 83 967169072
47 76 1062136527
58 69 1332785343
13 32 1531240418
55 89 30378381
29 18 1787083508
2 64 1974102539
59 87 420427397
18 5 1698152293
38 48 1025849710
20 72 207900919
47 100 872443357
16 95 265644755
99 14 886613612
40 95 1780027725
9 55 2085221279
72 47 2016161760
10 44 1182517813
66 89 652287823
14 52 71830892
85 71 1728353029
36 28 1606511301
31 83 964884099
96 47 642707266
42 72 2056347165
96 4 988476956
94 16 2066244964
89 81 1556927587
30 4 2051701896
81 97 5563313
51 78 1409626426
30 31 788609363
12 31 1352132298
58 49 138013280
82 66 824976375
37 22 1295916316
4 38 1190432964
36 77 335145209
39 25 1297964098
87 39 1482074627
17 65 1913326507
47 80 652137009
29 79 718433138
78 59 230376001
43 87 74579210
17 3 2031070491
54 19 1742620179
31 29 1225390034
55 79 1661897869
45 6 1556947860
10 65 982370898
89 26 1666520014
19 64 920939213
30 65 1857996241
16 75 825431070
70 19 2027074513
41 50 8952581
69 85 1132277534
47 6 511526016
4 18 198399923
20 17 198462567
45 83 1921340376
8 48 1860675417
24 90 1368599987
98 12 583127368
68 77 329233935
18 58 1902836005
54 93 51915597
11 9 1554068865
29 84 1264808963
97 52 666210518
79 80 1671600037
27 97 638147233
68 37 431768892
31 5 1282841015
8 41 1118459164
65 98 1969693832
9 95 1284197901
70 12 287361406
53 27 641082216
4 45 1754824544
84 34 315991992
32 67 138588223
20 59 2143552449
25 26 1746429968
17 90 1920135498
66 74 396776257
12 27 1480272122
75 33 2007933330
1 50 343802251
45 46 981246104
30 39 1971243807
96 62 940168442
6 63 1896179074
83 83 1912908393
72 33 1573483769
98 91 1207139137
76 65 569226854
9 47 1859146165
10 99 188514991
7 55 1117109591
97 62 1016173187
10 57 1557305816
72 83 1231171063
6 28 469537820
91 98 555247102
33 87 459274426
97 42 3829975
43 59 473111650
93 51 6997210
47 94 1394052519
61 82 2094134826
17 50 275752474
51 14 372460984
78 86 232845507
27 89 1603336013
14 15 2109100703
7 90 2146915835
65 40 1049569883
67 51 824996177
61 22 1816996970
94 100 711851068
43 75 1628285928
8 59 1211502696
94 66 1357680446
34 31 1832243924
48 86 2061193250
89 73 1104183915
80 8 1677926421
82 86 1346599638
4 8 298718556
55 76 1798876416
81 57 420795461
39 5 2016748804
57 52 1375456563
39 28 1113940208
77 30 1787446841
49 46 1707767240
57 19 878731380
94 9 1920934560
1 66 546406693
28 34 296683948
84 96 1118417503
89 52 1139876183
92 67 733520974
19 76 132197382
100 69 939241420
97 62 968786496
68 42 220264797
76 54 1890729853
93 48 362726898
27 96 1748220198
22 51 316609877
25 87 1991149161
91 61 1540889801
18 43 323512244
87 63 171260414
48 12 997843913
41 9 1759963010
47 14 1988060477
46 12 881252304
93 62 885740697
44 39 1652918423
30 52 1456097296
90 5 164542472
84 49 1301194162
98 63 1685025280
9 77 955999018
17 39 821882617
82 68 13923809
93 72 453057155
54 21 538205700
45 96 566053393
96 92 1655017736
1 64 650007617
1 79 432027658
64 11 1133275241
92 29 1545508138
30 98 490029199
49 7 334586867
72 63 822427349
93 63 168793893
88 56 121906699
32 44 998375643
47 61 494382590
25 71 150817342
35 12 291192143
15 3 1086767406
12 2 1387903397
19 69 807079478
33 70 1332356126
95 64 1697501997
3 63 640774141
98 6 1962574629
59 96 676549812
81 91 1242209458
93 34 665780435
47 40 632288021
48 89 2097731236
68 67 1589025399
38 45 1267577969
1 94 1586446101
63 36 936351848
20 17 2030832250
67 29 82454099
57 39 36192309
90 74 176590890
81 96 1636925082
69 84 1667735728
87 35 759052027
31 57 1392944494
25 58 96873183
60 58 1334599283
28 60 933062197
56 60 2038121216
94 69 849191635
20 59 1812058091
67 93 922945433
2 21 1416104713
36 100 384472034
92 95 782610520
2 78 1795392651
59 14 825353127
19 11 660749738
30 80 1116673465
98 67 722190472
57 10 719510217
49 43 1774413136
22 9 224219954
73 43 314145555
67 63 1485731691
97 66 711589034
62 45 1725647335
24 83 1169291146
55 48 1073352716
21 72 1520286145
31 90 398800094
25 78 32969102
33 33 2059718251
27 88 1704332324
42 31 1873346996
7 66 1812223115
52 53 1617833863
86 99 477294876
34 67 1471151999
57 64 195075506
46 59 1793224326
76 61 1635205608
8 64 643964785
47 40 235606569
78 89 794602996
95 4 956080937
47 19 367949395
98 95 2003045146
64 46 79666984
80 52 9455669
38 31 367118025
98 91 1872164271
14 76 2004040246
53 46 986965905
41 42 1282570451
96 31 81618280
14 26 243182074
60 25 1345425521
58 9 262672470
9 78 215759285
91 3 577488464
82 26 1746660101
9 24 1608759651
54 81 76021716
47 33 1000262268
29 13 1959861009
55 88 472073756
31 61 302218022
39 31 1927588681
68 16 376886790
22 81 140155151
48 34 863134441
23 37 2033546622
4 53 389183
36 22 1441719636
100 83 709690035
39 91 907864963
99 13 256710169
81 47 759270799
97 37 347730189
29 88 1179027656
14 30 1472797578
51 4 953720577
55 87 1625836899
28 76 181145154
62 11 49699441
53 26 1313118041
65 96 2067099379
11 95 1509585330
48 85 2050732010
87 93 1758815058
16 71 1211322938
72 100 7432104
10 52 1903385854
85 6 532754960
47 48 1190768988
73 89 1542321649
68 20 2059486701
14 2 896998518
50 65 2129929428
43 75 1840198927
65 14 167962166
65 18 123837233
68 24 1593887104
73 36 283533666
20 24 1929463850
60 26 798916749
32 79 2094724621
85 97 1778630340
49 78 609904705
76 57 1083761555
89 23 84261249
58 57 1231685013
33 13 1184786129
68 79 1569401496
44 82 419192621
69 31 2078826240
99 4 1418969452
96 96 506721635
25 1 851668119
33 8 209573620
56 57 339253195
64 23 304546135
76 52 112884544
7 1 1667654276
88 22 1206642995
70 14 2068103338
25 18 1499389658
72 53 1559988657
24 73 999415204
32 93 1947598728
88 40 1949770860
10 75 1173893767
14 19 1891288330
14 47 1400874358
87 42 2133669164
100 33 1724169303
70 43 971291524
22 100 1969760448
46 56 55755471
90 36 134148594
29 49 1141217725
3 16 1013740465
21 99 983401826
67 9 87504291
61 25 2042933004
93 80 826429642
35 4 664304094
87 4 828042163
94 75 1824365484
30 69 209974882
78 47 489411271
45 12 854444200
95 90 1609619802
3 82 720338975
27 38 2001739641
58 81 218013853
61 75 1732232245
16 90 1601333532
90 74 1385306370
11 8 2083565963
57 80 1348743744
68 80 1130610573
57 34 455576570
90 9 1214930064
28 3 514578119
8 56 488189897
34 54 712451055
23 38 11169467
48 8 354105583
56 23 1797014872
35 20 179078634
66 45 936481890
99 15 787997809
60 80 717028218
14 51 811077407
69 48 965594734
74 3 2007009841
11 71 304659526
70 54 981553248
45 78 1567089196
16 13 123758603
60 55 1435940037
75 65 2063110402
6 83 1467405852
56 42 369165363
55 77 770128576
10 70 740825697
80 97 2013488970
85 97 1894484633
14 45 1769119054
78 48 1573474550
33 85 508811217
97 39 1853223277
31 44 1767320003
24 7 1466031460
100 84 1463935767
22 33 101739173
70 55 239376382
66 40 1888016861
11 95 1106798897
58 97 1840221011
95 15 2119878188
85 44 734768672
28 99 620373920
87 11 346238502
22 78 723439826
54 51 570088977
8 86 1893195798
48 47 702452519
94 97 126896037
42 60 1733615547
8 100 1351402356
51 73 416196502
1 93 991108387
11 48 248576566
40 74 705250052
43 51 983773773
28 2 1824973426
26 21 947370686
74 58 245450185
33 57 1488330978
33 66 1954520319
57 68 5345779
1 7 1788997929
48 74 482862182
21 26 1847937292
24 100 905708084
77 78 2052881026
49 16 1233865205
59 1 336677482
15 31 468116756
32 51 1320920388
100 30 719999272
58 11 1547605728
31 45 129146381
57 38 1105827028
8 74 906120201
37 52 100114876
53 57 581006852
5 91 903765000
36 47 1195285358
38 36 1041699825
19 60 1794410756
81 89 1722131007
26 70 1815968965
15 50 177017547
88 51 1805494103
39 27 1242721462
47 31 313673051
37 32 2113203203
84 42 444311159
71 67 1090295194
30 76 1710708331
70 35 163412701
91 52 384889882
93 100 710518407
95 55 840751921
74 18 1681298508
4 69 990071898
35 24 937296
29 35 1198055832
95 30 754576967
22 13 2138904737
57 15 1776071119
8 97 1213681840
59 4 580883283
14 77 983502475
31 37 1180175969
51 35 1271018642
26 31 1837037346
60 15 1634513432
89 83 1858732260
54 72 1403910007
68 43 2064457428
16 84 1267538236
71 19 829121396
47 94 926224454
83 15 1216857867
17 58 796259449
99 56 2125585899
13 40 875589476
47 53 1785548636
19 60 1650791276
61 40 34542081
96 29 1395181048
14 25 1822630763
59 31 2027409633
74 99 702785931
83 100 1677541813
38 52 1646781881
77 28 611443431
81 16 1917065944
40 45 2023259090
32 26 921443960
12 75 387691673
36 90 1635684068
18 76 951337134
16 7 1465636992
68 73 63792317
19 6 164305399
46 38 1456729936
14 34 1280612065
58 76 1494684045
83 89 1355372237
9 62 779650420
99 30 1035056831
26 16 803229218
84 61 1010392035
8 78 725919503
14 78 746071070
3 14 1048948988
36 31 362659085
63 29 472749998
51 66 882529355
12 38 1626539238
94 69 1952477046
61 39 1535489896
21 74 255503773
99 77 962788257
76 99 1039917864
41 87 2133674477
72 73 560534231
52 23 385046718
17 79 1482987381
54 69 480832883
74 67 2061242195
12 64 1417448440
37 37 1648272400
14 46 2071867421
64 11 604542171
51 40 1705569346
75 24 389227938
97 42 83613661
27 75 135926912
95 59 1901539928
62 6 1865135833
77 46 1061771458
65 98 294676021
11 71 574241558
73 42 478903923
64 40 754734186
87 79 303197688
29 40 1634437162
3 53 926235311
13 33 1208605137
18 19 1960602232
15 29 839736345
13 51 1528981021
35 9 2136356385
29 32 1477167047
20 70 591330871
98 59 1612522335
90 73 806308373
94 84 705219353
78 74 644759008
48 6 1105760220
77 3 2001981538
27 76 455904104
87 13 263283968
70 61 1348504903
39 84 21141783
97 19 134247602
70 45 2077050300
5 98 1638196241
78 6 1101095986
35 79 219805815
37 69 859461563
12 73 1934351039
77 42 1591666617
37 97 405649855
20 80 1002688324
91 82 1990032562
35 34 1523396611
84 27 1237217632
42 13 2057730936
20 29 898574366
88 44 1867833800
12 83 1510278289
53 52 1354888852
49 7 1390538228
80 83 946909816
62 97 615334488
95 8 2008334578
22 92 1637251164
86 81 207303599
14 47 510734540
57 99 1505820559
91 40 899575898
94 45 1295388310
52 73 809058114
34 42 789090215
83 30 1256626394
42 60 198430607
34 76 1839036802
66 75 1374190275
12 16 2052470660
62 27 1946200126
54 26 1914840234
98 88 1745258377
22 2 881637522
63 17 1877111174
92 64 1439400359
3 71 1558537641
78 25 1610435983
53 52 684829368
20 65 839448733
46 43 825384796
23 77 362987709
10 6 962535762
64 81 1831434159
32 7 65253833
95 66 905871895
18 60 673655539
42 95 1376939341
46 63 358007171
10 96 2119129923
52 44 728591194
80 53 1987178839
86 16 352017814
18 27 1413463723
24 60 1685607386
89 8 1957539018
100 47 1338401364
94 40 26625033
56 11 2008730475
3 86 68973372
98 80 554791681
51 72 1117418232
18 86 1524209611
96 61 1372940548
56 100 1545248565
15 70 1770761188
61 34 1341395129
100 68 1815688028
11 95 509108574
48 67 253969781
28 48 1889720384
51 32 1946777881
88 95 788129983
48 44 1523796100
47 61 1690243096
16 2 1352724803
2 31 1417113117
21 11 409579929
15 37 1854548228
33 19 1815057890
32 55 262755190
63 36 73714969
9 72 1087632419
52 24 1509041706
65 20 603922905
66 75 57883404
48 44 1828462219
10 73 811609772
47 54 1328918392
65 96 1094151258
19 86 176281742
6 55 1277585173
29 74 1220512487
53 32 1529273296
24 38 1429324499
99 42 318431015
42 13 2114837680
15 86 1717488679
20 30 942072041
15 41 297696339
1 83 38331355
55 57 2053697473
81 96 1848121630
12 44 209733811
1 44 809813763
42 59 1043637286
7 92 116445536
44 23 1592835278
73 16 1587419144
13 55 1954745363
48 10 214904529
4 35 925619129
51 18 2013120484
95 29 270073716
38 92 1500487827
48 78 2013318428
91 67 1866448921
66 45 740857879
81 41 1595638722
36 56 1464742547
45 85 1442320611
80 15 1704654658
97 51 1381846213
25 19 1694407764
68 46 2024128958
97 26 1652850647
63 100 899003846
59 79 1877426237
99 54 2010639202
6 53 93231134
91 64 717865669
57 75 1775390514
59 40 1024535845
77 56 313423293
74 66 1999270317
100 13 449439736
51 12 1002536132
81 1 1627521395
34 55 1769747153
38 89 869148904
54 59 880472009
28 25 2018620999
19 70 914247707
75 63 1727956265
40 32 434853093
5 20 682909667
16 52 190477118
16 99 824004368
22 5 1176865648
10 9 697216034
68 18 849798071
44 70 929448724
13 29 493339003
27 47 923315122
10 40 1766301196
29 7 751458887
33 25 1679122491
31 45 1153328558
35 94 1051503325
95 80 1236802346
65 51 1802456756
86 76 1318848575
14 31 1561368319
60 53 1407068183
52 1 1169371462
58 89 700064823
35 32 448588004
79 91 1417477136
24 68 939286318
3 67 783762705
54 23 1820055199
81 50 633668515
11 21 1390707300
16 5 710451966
16 19 320858777
56 42 656780828
88 46 253644138
30 34 1449409472
49 5 773113902
15 10 1549106726
37 61 179636680
39 77 1809469133
59 29 925601865
15 95 168857528
33 73 462551243
27 1 1425500558
24 91 1661680714
10 63 702730553
14 18 1849462282
23 44 1858411930
35 24 1966381845
11 10 1828345133
40 27 615666723
86 55 2037198582
10 98 1057557948
63 9 993599933
53 23 397905711
16 28 1866546934
85 62 374549795
80 44 1156167908
3 89 700196682
64 75 826691317
